0.033563852310180664
0.027188777923583984
0.04010176658630371
0.02286529541015625
0.020199060440063477
0.010967731475830078
0.010983467102050781
0.018971681594848633
0.010951757431030273
0.010796785354614258
0.013476133346557617
0.010198831558227539
0.04145383834838867
0.0321497917175293
0.01492619514465332
0.028491973876953125
0.01777338981628418
0.01633477210998535
0.012866497039794922
0.01248478889465332
0.011048316955566406
0.009589195251464844
0.011162042617797852
0.011651277542114258
0.008210182189941406
0.008547306060791016
0.008342504501342773
0.011504888534545898
0.007052898406982422
0.018913984298706055
0.031781911849975586
0.03604483604431152
0.01867508888244629
0.016081809997558594
0.01922130584716797
0.015688180923461914
0.018130779266357422
0.014834403991699219
0.013199090957641602
0.019773006439208984
0.010377645492553711
0.00902700424194336
0.010923147201538086
0.0068662166595458984
0.007304191589355469
0.007498025894165039
0.009006500244140625
0.007589578628540039
0.00780940055847168
0.007719516754150391
0.011224746704101562
0.007795572280883789
0.007683515548706055
0.009412527084350586
0.0078046321868896484
0.010298728942871094
0.009475469589233398
0.007142066955566406
0.00762176513671875
0.010975837707519531
0.007772922515869141
0.007279396057128906
0.044841766357421875
0.030282258987426758
0.034432411193847656
0.030937910079956055
0.016454458236694336
0.037201881408691406
0.043656110763549805
0.014404296875
0.013978719711303711
0.011330366134643555
0.01353311538696289
0.0069255828857421875
0.007586479187011719
0.00957942008972168
0.006922245025634766
0.03239274024963379
0.026574134826660156
0.018494129180908203
0.012807846069335938
0.013663530349731445
0.012974262237548828
0.017958402633666992
0.015644073486328125
0.025569677352905273
0.041115760803222656
0.03140377998352051
0.01452326774597168
0.009839296340942383
0.008533954620361328
0.012078285217285156
0.009975910186767578
0.009731292724609375
0.01060175895690918
0.007102251052856445
0.030400514602661133
0.03464984893798828
0.01724100112915039
0.012275457382202148
0.01135873794555664
0.012973546981811523
0.008046150207519531
0.009868621826171875
0.009475231170654297
0.010046720504760742
0.05360817909240723
0.02683424949645996
0.018865585327148438
0.01909637451171875
0.021210432052612305
0.012752056121826172
0.011968374252319336
0.009772300720214844
0.009032011032104492
0.012140989303588867
0.05402970314025879
0.019357681274414062
0.01149749755859375
0.012547969818115234
0.011324882507324219
0.015581369400024414
0.009198904037475586
0.034475088119506836
0.02787470817565918
0.021429777145385742
0.011995315551757812
0.011750936508178711
0.0172269344329834
0.01976299285888672
0.009891033172607422
0.03340506553649902
0.03413796424865723
0.047086477279663086
0.018689393997192383
0.014801979064941406
0.013418912887573242
0.04620051383972168
0.0344541072845459
0.034865617752075195
0.033651113510131836
0.018277406692504883
0.019017934799194336
0.01868915557861328
0.024591684341430664
0.018725872039794922
0.01798272132873535
0.020734548568725586
0.014777183532714844
0.010875225067138672
0.010295629501342773
0.011411190032958984
0.009951591491699219
0.009369611740112305
0.009409189224243164
0.010575532913208008
0.009804487228393555
0.010027408599853516
0.00939035415649414
0.009773731231689453
0.009359598159790039
0.009409189224243164
0.012300729751586914
0.009692192077636719
0.009071826934814453
0.008908510208129883
0.009533405303955078
0.009837865829467773
0.010057210922241211
0.009257078170776367
0.009454727172851562
0.015033721923828125
0.007458209991455078
0.007181882858276367
0.006983041763305664
0.009382009506225586
0.006875753402709961
0.02625751495361328
0.02686023712158203
0.03569674491882324
0.02773571014404297
0.0203859806060791
0.019307374954223633
0.013686656951904297
0.009355783462524414
0.015128612518310547
0.011073589324951172
0.00908350944519043
0.012837409973144531
0.009238958358764648
0.008790254592895508
0.008516311645507812
0.009315729141235352
0.009890556335449219
0.007831811904907227
0.010036945343017578
0.008140087127685547
0.007900714874267578
0.0294649600982666
0.04214906692504883
0.008307456970214844
0.008534431457519531
0.018465518951416016
0.007977008819580078
0.04106545448303223
0.03176617622375488
0.029974699020385742
0.027336597442626953
0.015487432479858398
0.01322174072265625
0.013387203216552734
0.013103961944580078
0.013440370559692383
0.013375997543334961
0.008962869644165039
0.031094074249267578
0.022584199905395508
0.01197504997253418
0.010367631912231445
0.01043701171875
0.010593414306640625
0.010279655456542969
0.014261722564697266
0.01030731201171875
0.009358882904052734
0.009675741195678711
0.009676694869995117
0.009642362594604492
0.00953364372253418
0.011744976043701172
0.00985097885131836
0.009733200073242188
0.009824514389038086
0.00896310806274414
0.008237838745117188
0.05032944679260254
0.008857011795043945
0.008296966552734375
0.0356442928314209
0.007563591003417969
0.01147007942199707
0.009122133255004883
0.007847785949707031
0.008509635925292969
0.007852554321289062
0.007298707962036133
0.007381916046142578
0.008378744125366211
0.007967948913574219
0.009305715560913086
0.007040262222290039
0.00699305534362793
0.024779081344604492
0.04191732406616211
0.008936643600463867
0.007548809051513672
0.00725102424621582
0.007712602615356445
0.008520126342773438
0.008320331573486328
0.011155843734741211
0.007279157638549805
0.0069429874420166016
0.0073604583740234375
0.006996631622314453
0.007127046585083008
0.006865739822387695
0.03921222686767578
0.028589248657226562
0.0172884464263916
0.011659383773803711
0.011348724365234375
0.014106035232543945
0.007196903228759766
0.024995803833007812
0.028948307037353516
0.025994539260864258
0.013025760650634766
0.008889198303222656
0.029201030731201172
0.019185543060302734
0.01961684226989746
0.011419296264648438
0.007340669631958008
0.008418560028076172
0.030570507049560547
0.028635740280151367
0.030338287353515625
0.01662468910217285
0.01635003089904785
0.011778593063354492
0.008558988571166992
0.008114337921142578
0.009858131408691406
0.01929330825805664
0.008810043334960938
0.0072591304779052734
0.0184938907623291
0.00888681411743164
0.007225990295410156
0.008814334869384766
0.02843451499938965
0.02895641326904297
0.035260915756225586
0.020634889602661133
0.02036118507385254
0.02017807960510254
0.024382591247558594
0.012851715087890625
0.012492656707763672
0.0070552825927734375
0.00692439079284668
0.00680088996887207
0.0073320865631103516
0.009634017944335938
0.007363080978393555
0.007193088531494141
0.007071495056152344
0.007234334945678711
0.03030991554260254
0.03449130058288574
0.016085147857666016
0.015825748443603516
0.015813589096069336
0.015387535095214844
0.015559673309326172
0.015824079513549805
0.015557289123535156
0.015369176864624023
0.021119356155395508
0.01580071449279785
0.015923738479614258
0.01581287384033203
0.015875577926635742
0.021114826202392578
0.017033100128173828
0.016326427459716797
0.007390737533569336
0.007718324661254883
0.008180379867553711
0.007609844207763672
0.007760286331176758
0.008828878402709961
0.00737309455871582
0.00708460807800293
0.008038043975830078
0.032999515533447266
0.027602195739746094
0.014033317565917969
0.011844396591186523
0.011405229568481445
0.011054515838623047
0.01092672348022461
0.011340141296386719
0.011298179626464844
0.011160612106323242
0.011158943176269531
0.011232852935791016
0.011336565017700195
0.01125955581665039
0.010619401931762695
0.011552810668945312
0.01109457015991211
0.011327266693115234
0.014565229415893555
0.011230230331420898
0.013263940811157227
0.009902000427246094
0.009372711181640625
0.009964942932128906
0.01254725456237793
0.009510993957519531
0.010072469711303711
0.00999760627746582
0.010571956634521484
0.010437965393066406
0.010146379470825195
0.012937784194946289
0.01036834716796875
0.01018381118774414
0.009763002395629883
0.00902557373046875
0.00890660285949707
0.00787806510925293
0.010889530181884766
0.008592367172241211
0.008648395538330078
0.008779287338256836
0.009526968002319336
0.010048866271972656
0.009409189224243164
0.009090900421142578
0.008398056030273438
0.009085655212402344
0.009244203567504883
0.008657455444335938
0.008229494094848633
0.008408784866333008
0.008619546890258789
0.01001596450805664
0.009282588958740234
0.009963035583496094
0.01181173324584961
0.010366201400756836
0.009252548217773438
0.009429216384887695
0.008448123931884766
0.009587764739990234
0.009407520294189453
0.010303735733032227
0.009613037109375
0.011158943176269531
0.02153301239013672
0.02915167808532715
0.039962053298950195
0.02014899253845215
0.01990222930908203
0.019909143447875977
0.025101423263549805
0.015652894973754883
0.015175104141235352
0.01588726043701172
0.016071081161499023
0.02060842514038086
0.015736103057861328
0.01610422134399414
0.018471956253051758
0.016649246215820312
0.013477563858032227
0.013443231582641602
0.01390981674194336
0.014461994171142578
0.01338505744934082
0.017655611038208008
0.013703346252441406
0.014047384262084961
0.013458013534545898
0.013623237609863281
0.020433425903320312
0.022470712661743164
0.031184673309326172
0.018152236938476562
0.010988235473632812
0.011260509490966797
0.015627622604370117
0.011358976364135742
0.010231256484985352
0.010410785675048828
0.009754657745361328
0.014412879943847656
0.01044154167175293
0.009870767593383789
0.01367640495300293
0.012079000473022461
0.009827375411987305
0.009569644927978516
0.031073570251464844
0.03642868995666504
0.015657901763916016
0.015303850173950195
0.011139392852783203
0.008959770202636719
0.008403539657592773
0.011362791061401367
0.00946354866027832
0.007862567901611328
0.008353471755981445
0.007666349411010742
0.007658720016479492
0.008364200592041016
0.008539199829101562
0.011388301849365234
0.008373737335205078
0.008754968643188477
0.008774518966674805
0.008885622024536133
0.008955955505371094
0.008731365203857422
0.014433145523071289
0.009101152420043945
0.008826494216918945
0.029864072799682617
0.03622317314147949
0.028276443481445312
0.017218589782714844
0.01201486587524414
0.011011838912963867
0.012501955032348633
0.01051020622253418
0.009712457656860352
0.008784294128417969
0.007596015930175781
0.007341861724853516
0.04155707359313965
0.0303347110748291
0.019273757934570312
0.03208017349243164
0.009884119033813477
0.010217666625976562
0.009606599807739258
0.009513616561889648
0.011377334594726562
0.013979911804199219
0.010327577590942383
0.009829282760620117
0.011102437973022461
0.011756658554077148
0.012464046478271484
0.015413284301757812
0.011462926864624023
0.01147007942199707
0.009709596633911133
0.008945941925048828
0.008958816528320312
0.010448694229125977
0.009006500244140625
0.00906229019165039
0.008675575256347656
0.007980823516845703
0.011388301849365234
0.009734869003295898
0.010365009307861328
0.009846687316894531
0.009952545166015625
0.009795188903808594
0.010135650634765625
0.010032176971435547
0.009145259857177734
0.014138460159301758
0.008742570877075195
0.0075147151947021484
0.016626596450805664
0.02624654769897461
0.03363919258117676
0.013739347457885742
0.012884140014648438
0.008204936981201172
0.024461984634399414
0.03567051887512207
0.026629924774169922
0.02596426010131836
0.017640113830566406
0.0130767822265625
0.010742664337158203
0.010781288146972656
0.010953664779663086
0.010777473449707031
0.010302066802978516
0.011826515197753906
0.0158998966217041
0.023968935012817383
0.02427053451538086
0.0237729549407959
0.02428126335144043
0.020908355712890625
0.013096809387207031
0.009772777557373047
0.009459495544433594
0.00920867919921875
0.009467363357543945
0.00938558578491211
0.009329795837402344
0.009147882461547852
0.00926518440246582
0.008784770965576172
0.009546518325805664
0.009382009506225586
0.009502649307250977
0.02076101303100586
0.014368772506713867
0.017284631729125977
0.009036540985107422
0.010532140731811523
0.008445978164672852
0.009470462799072266
0.009680986404418945
0.009177446365356445
0.009196281433105469
0.009611845016479492
0.008848190307617188
0.00985264778137207
0.012677431106567383
0.00836944580078125
0.008397102355957031
0.008492231369018555
0.007245063781738281
0.008188009262084961
0.00831151008605957
0.0094146728515625
0.013045787811279297
0.009709358215332031
0.01015019416809082
0.010046720504760742
0.010012626647949219
0.009648323059082031
0.009884834289550781
0.009714365005493164
0.009828567504882812
0.010167360305786133
0.009882688522338867
0.009936809539794922
0.009754657745361328
0.009739160537719727
0.009504556655883789
0.009785890579223633
0.017943859100341797
0.007191658020019531
0.02977442741394043
0.021075010299682617
0.013378620147705078
0.007368326187133789
0.007285356521606445
0.0075931549072265625
0.008580684661865234
0.010624408721923828
0.008219718933105469
0.007132053375244141
0.008043289184570312
0.008295297622680664
0.00716400146484375
0.007533550262451172
0.007789134979248047
0.0072841644287109375
0.007381439208984375
0.007374286651611328
0.008836984634399414
0.008512020111083984
0.007250308990478516
0.007436275482177734
0.008572101593017578
0.04192233085632324
0.03218841552734375
0.021584510803222656
0.014619112014770508
0.012592077255249023
0.008083581924438477
0.020427465438842773
0.006834983825683594
0.026840686798095703
0.0349116325378418
0.02667403221130371
0.019644498825073242
0.022561073303222656
0.030904769897460938
0.014880180358886719
0.007233142852783203
0.006391763687133789
0.010309457778930664
0.008019685745239258
0.009890556335449219
0.030844926834106445
0.030931711196899414
0.00804281234741211
0.008691549301147461
0.008339881896972656
0.008843421936035156
0.029431581497192383
0.03934884071350098
0.030431509017944336
0.02506399154663086
0.01409149169921875
0.015580892562866211
0.00976705551147461
0.009860515594482422
0.00986027717590332
0.010302543640136719
0.009894371032714844
0.00984954833984375
0.009405851364135742
0.011554241180419922
0.009867668151855469
0.010245800018310547
0.009742498397827148
0.009839057922363281
0.012345552444458008
0.009852409362792969
0.010219335556030273
0.010113000869750977
0.010056495666503906
0.010104656219482422
0.009788036346435547
0.012566089630126953
0.016455411911010742
0.007632017135620117
0.007201194763183594
0.007975578308105469
0.007180213928222656
0.010251522064208984
0.007048606872558594
0.007044315338134766
0.006747007369995117
0.0069391727447509766
0.02835536003112793
0.03747701644897461
0.029556751251220703
0.015026569366455078
0.007148265838623047
0.007117271423339844
0.006830692291259766
0.006801605224609375
0.009341239929199219
0.008468151092529297
0.009582042694091797
0.00829768180847168
0.008501529693603516
0.008913278579711914
0.009719610214233398
0.009121417999267578
0.008709430694580078
0.008095741271972656
0.007847785949707031
0.007969141006469727
0.007618427276611328
0.0073893070220947266
0.007268428802490234
0.007863521575927734
0.007946491241455078
0.0074045658111572266
0.007435798645019531
0.007358551025390625
0.006868839263916016
0.007092475891113281
0.007276773452758789
0.0074574947357177734
0.02931499481201172
0.039064645767211914
0.028920650482177734
0.027170658111572266
0.027517080307006836
0.0207517147064209
0.020534753799438477
0.021738529205322266
0.020644187927246094
0.020278453826904297
0.016129493713378906
0.016710758209228516
0.01474761962890625
0.008931875228881836
0.008225679397583008
0.007343769073486328
0.007379770278930664
0.0074579715728759766
0.007317066192626953
0.007173061370849609
0.008022785186767578
0.02992081642150879
0.028925657272338867
0.03601789474487305
0.02105402946472168
0.019506454467773438
0.015852928161621094
0.021469593048095703
0.01116800308227539
0.006823301315307617
0.00718235969543457
0.007097721099853516
0.007196903228759766
0.007151126861572266
0.009366512298583984
0.00728607177734375
0.007210731506347656
0.007271528244018555
0.007333993911743164
0.007869958877563477
0.008433818817138672
0.008602619171142578
0.009693384170532227
0.0070648193359375
0.00739288330078125
0.007845878601074219
0.007849693298339844
0.029876232147216797
0.03984546661376953
0.019061565399169922
0.012515783309936523
0.011229515075683594
0.009976387023925781
0.009977102279663086
0.009575366973876953
0.010090827941894531
0.010268211364746094
0.01061868667602539
0.010885953903198242
0.008785724639892578
0.007738351821899414
0.007083415985107422
0.007382869720458984
0.00734400749206543
0.0073812007904052734
0.007439613342285156
0.03735661506652832
0.028677701950073242
0.028428077697753906
0.01717209815979004
0.013035297393798828
0.013439178466796875
0.013499736785888672
0.013231992721557617
0.012926101684570312
0.013007879257202148
0.012727022171020508
0.01318669319152832
0.013413667678833008
0.013333320617675781
0.017270326614379883
0.012065410614013672
0.008100271224975586
0.007851600646972656
0.006982326507568359
0.03094649314880371
0.03667116165161133
0.0208587646484375
0.018729209899902344
0.014614343643188477
0.016277790069580078
0.013670206069946289
0.008308887481689453
0.032204389572143555
0.04561781883239746
0.04051828384399414
0.019464492797851562
0.007238149642944336
0.01001429557800293
0.028259992599487305
0.038285255432128906
0.02555108070373535
0.012237071990966797
0.011789083480834961
0.00816488265991211
0.006947755813598633
0.006989955902099609
0.0070917606353759766
0.04172706604003906
0.031149625778198242
0.02186107635498047
0.014669179916381836
0.015111446380615234
0.03894686698913574
0.03595376014709473
0.04123735427856445
0.016406774520874023
0.010552406311035156
0.010463237762451172
0.010946989059448242
0.008949756622314453
0.03042316436767578
0.017269611358642578
0.01710796356201172
0.017909526824951172
0.008498430252075195
0.008232355117797852
0.010125160217285156
0.032562255859375
0.03744792938232422
0.014057397842407227
0.014039993286132812
0.01234579086303711
0.012351751327514648
0.011889219284057617
0.011845827102661133
0.012122392654418945
0.012056112289428711
0.011885643005371094
0.012143611907958984
0.011949300765991211
0.012182235717773438
0.01205301284790039
0.011879205703735352
0.011334657669067383
0.011960268020629883
0.011917829513549805
0.01307058334350586
0.01525568962097168
0.012274742126464844
0.015761852264404297
0.016955137252807617
0.011903524398803711
0.012467622756958008
0.012370109558105469
0.00922083854675293
0.009329795837402344
0.011060476303100586
0.023392677307128906
0.043198347091674805
0.0328981876373291
0.014199495315551758
0.014107227325439453
0.014748096466064453
0.015037059783935547
0.008318662643432617
0.007226705551147461
0.007643461227416992
0.03165555000305176
0.02961134910583496
0.03158855438232422
0.015169143676757812
0.013288497924804688
0.011612653732299805
0.012269020080566406
0.011793851852416992
0.01161503791809082
0.011600255966186523
0.011920690536499023
0.011577844619750977
0.01160883903503418
0.015051841735839844
0.010886907577514648
0.012556791305541992
0.01212620735168457
0.011761188507080078
0.011743783950805664
0.012203693389892578
0.01257181167602539
0.014988183975219727
0.01347804069519043
0.011983633041381836
0.016723155975341797
0.012336492538452148
0.012006282806396484
0.01207733154296875
0.01248931884765625
0.011893272399902344
0.044770002365112305
0.024879932403564453
0.014566183090209961
0.013113260269165039
0.012645959854125977
0.010764360427856445
0.008349418640136719
0.03166937828063965
0.030137062072753906
0.03204512596130371
0.016492843627929688
0.01682114601135254
0.00828409194946289
0.007573366165161133
0.007723093032836914
0.03907012939453125
0.020240068435668945
0.017252683639526367
0.016715049743652344
0.023865938186645508
0.017676115036010742
0.016682863235473633
0.01489877700805664
0.014653682708740234
0.01945781707763672
0.012347936630249023
0.01108098030090332
0.010195732116699219
0.03508496284484863
0.03171658515930176
0.013101816177368164
0.009852886199951172
0.009289026260375977
0.009783029556274414
0.009986639022827148
0.013509988784790039
0.009317159652709961
0.009125947952270508
0.029295921325683594
0.040253400802612305
0.028669118881225586
0.021332502365112305
0.012891292572021484
0.010247230529785156
0.009810209274291992
0.010163068771362305
0.01025247573852539
0.010167598724365234
0.010520219802856445
0.02881789207458496
0.018247127532958984
0.01316070556640625
0.010667562484741211
0.009865045547485352
0.010114431381225586
0.011194467544555664
0.018764019012451172
0.010724782943725586
0.012861490249633789
0.0075566768646240234
0.008623838424682617
0.008047103881835938
0.008031845092773438
0.034774065017700195
0.03681349754333496
0.020260334014892578
0.012205839157104492
0.010053873062133789
0.010569572448730469
0.010434150695800781
0.010069847106933594
0.01087808609008789
0.010123729705810547
0.010025501251220703
0.01057887077331543
0.010236024856567383
0.01051187515258789
0.010550260543823242
0.011872053146362305
0.010702371597290039
0.010665416717529297
0.010409116744995117
0.029834985733032227
0.04009866714477539
0.03322029113769531
0.033327579498291016
0.04467320442199707
0.023337602615356445
0.023710012435913086
0.01116180419921875
0.013953208923339844
0.010820388793945312
0.01057124137878418
0.008580684661865234
0.00894474983215332
0.009188652038574219
0.008484840393066406
0.013559103012084961
0.00945281982421875
0.011556386947631836
0.03190469741821289
0.025236845016479492
0.008648395538330078
0.00897669792175293
0.00969552993774414
0.009412050247192383
0.008762836456298828
0.008218765258789062
0.013479232788085938
0.010828256607055664
0.01169443130493164
0.011273860931396484
0.011619091033935547
0.008882284164428711
0.010918378829956055
0.009623289108276367
0.0076754093170166016
0.009365081787109375
0.009824037551879883
0.009067058563232422
0.009009599685668945
0.01122903823852539
0.007833003997802734
0.00744175910949707
0.007537841796875
0.0302121639251709
0.04999041557312012
0.03840351104736328
0.03119635581970215
0.019590377807617188
0.01089334487915039
0.01067209243774414
0.02913808822631836
0.04352140426635742
0.0157167911529541
0.012529850006103516
0.009406089782714844
0.009206056594848633
0.011457204818725586
0.008824825286865234
0.010742664337158203
0.011346578598022461
0.011060714721679688
0.011157512664794922
0.014688253402709961
0.02486562728881836
0.01747727394104004
0.01290583610534668
0.014582157135009766
0.01341700553894043
0.013195037841796875
0.011304616928100586
0.008590459823608398
0.009521484375
0.010641098022460938
0.008936882019042969
0.021522045135498047
0.012982845306396484
0.013585329055786133
0.01387166976928711
0.009810447692871094
0.0077168941497802734
0.011701583862304688
0.008121490478515625
0.008090734481811523
0.007342338562011719
0.008816242218017578
0.007688999176025391
0.010486125946044922
0.009476423263549805
0.008035659790039062
0.011072635650634766
0.009205818176269531
0.011654376983642578
0.01031947135925293
0.010821819305419922
0.010343790054321289
0.009402275085449219
0.04018592834472656
0.04527902603149414
0.03628897666931152
0.013743162155151367
0.011586904525756836
0.008659839630126953
0.008824825286865234
0.008486747741699219
0.009508609771728516
0.01215052604675293
0.010453224182128906
0.008835077285766602
0.013733148574829102
0.010455608367919922
0.00946044921875
0.007915973663330078
0.010645627975463867
0.01048898696899414
0.008490324020385742
0.01339411735534668
0.03417634963989258
0.037515878677368164
0.033196210861206055
0.009242534637451172
0.007416725158691406
0.008407115936279297
0.036058664321899414
0.021558284759521484
0.01252436637878418
0.010831356048583984
0.009656906127929688
0.00979161262512207
0.04772663116455078
0.01905679702758789
0.017571210861206055
0.0170900821685791
0.016827821731567383
0.011948347091674805
0.010411977767944336
0.01048588752746582
0.009835004806518555
0.010702371597290039
0.04010605812072754
0.025356292724609375
0.010625362396240234
0.03455495834350586
0.026498794555664062
0.014328241348266602
0.01385498046875
0.013364076614379883
0.014231204986572266
0.019934654235839844
0.014414072036743164
0.014574766159057617
0.01439666748046875
0.01423335075378418
0.01855301856994629
0.014835357666015625
0.014825105667114258
0.014282703399658203
0.01399993896484375
0.01569056510925293
0.01391744613647461
0.011988162994384766
0.013053417205810547
0.012583017349243164
0.009556055068969727
0.008801698684692383
0.018429040908813477
0.031162261962890625
0.017308950424194336
0.00940394401550293
0.009413957595825195
0.00715947151184082
0.007127523422241211
0.007183074951171875
0.007235527038574219
0.007437229156494141
0.007498741149902344
0.009915828704833984
0.009660482406616211
0.00906062126159668
0.009012222290039062
0.008466482162475586
0.008918285369873047
0.009073019027709961
0.012789249420166016
0.0072803497314453125
0.007544279098510742
0.029376745223999023
0.04112863540649414
0.03020501136779785
0.02121281623840332
0.01630878448486328
0.016146183013916016
0.007552146911621094
0.009086370468139648
0.008511781692504883
0.008329629898071289
0.008568286895751953
0.012464761734008789
0.01163935661315918
0.01508641242980957
0.01679229736328125
0.01751089096069336
0.038693904876708984
0.022112369537353516
0.013601303100585938
0.013250350952148438
0.014396429061889648
0.010248661041259766
0.02955937385559082
0.02779531478881836
0.015276670455932617
0.012384653091430664
0.006752967834472656
0.007444620132446289
0.007414579391479492
0.007623195648193359
0.030713319778442383
0.041689157485961914
0.01862812042236328
0.014159440994262695
0.012761116027832031
0.010410785675048828
0.013401269912719727
0.010065317153930664
0.009938716888427734
0.010156393051147461
0.010238885879516602
0.010643482208251953
0.013422489166259766
0.01003575325012207
0.010370492935180664
0.009935379028320312
0.010215282440185547
0.009975194931030273
0.013335466384887695
0.010170698165893555
0.010068178176879883
0.010741472244262695
0.016931533813476562
0.013297319412231445
0.016754150390625
0.01207113265991211
0.012796640396118164
0.012497663497924805
0.014598846435546875
0.015385866165161133
0.012180566787719727
0.010109424591064453
0.03158283233642578
0.03998899459838867
0.01509714126586914
0.013157129287719727
0.013115644454956055
0.010843276977539062
0.042585134506225586
0.018283605575561523
0.017808198928833008
0.01752185821533203
0.012789487838745117
0.008434534072875977
0.009394645690917969
0.01222681999206543
0.012234210968017578
0.007361650466918945
0.008367538452148438
0.006907939910888672
0.007198810577392578
0.029284000396728516
0.0337834358215332
0.018020153045654297
0.014084100723266602
0.014046669006347656
0.013714313507080078
0.013939857482910156
0.013446807861328125
0.014339685440063477
0.014431238174438477
0.007820606231689453
0.007313728332519531
0.0435030460357666
0.029886960983276367
0.02750420570373535
0.02986454963684082
0.012091875076293945
0.009653568267822266
0.008873939514160156
0.008946895599365234
0.008983373641967773
0.008798360824584961
0.008226633071899414
0.00840306282043457
0.009428024291992188
0.007191658020019531
0.007050991058349609
0.027883052825927734
0.04127097129821777
0.020283222198486328
0.012206077575683594
0.016582012176513672
0.015417814254760742
0.01715707778930664
0.01330876350402832
0.01397395133972168
0.013914108276367188
0.013446807861328125
0.012488603591918945
0.01437520980834961
0.014908790588378906
0.01282501220703125
0.01222681999206543
0.015372991561889648
0.012135505676269531
0.014113187789916992
0.013867378234863281
0.014421939849853516
0.014356136322021484
0.017410755157470703
0.016505002975463867
0.0139617919921875
0.011438369750976562
0.016955137252807617
0.01175069808959961
0.011258840560913086
0.010642528533935547
0.01029062271118164
0.00942373275756836
0.01233220100402832
0.009255170822143555
0.00988459587097168
0.01062321662902832
0.015437126159667969
0.010985136032104492
0.018338680267333984
0.017321348190307617
0.013546943664550781
0.012887239456176758
0.013253927230834961
0.013110637664794922
0.008862733840942383
0.00793147087097168
0.008782148361206055
0.008630990982055664
0.008598566055297852
0.010276317596435547
0.016497373580932617
0.008967876434326172
0.008811235427856445
0.00899505615234375
0.008941888809204102
0.008966207504272461
0.03272700309753418
0.02706742286682129
0.02681279182434082
0.0245816707611084
0.0165860652923584
0.010814666748046875
0.01016545295715332
0.007452964782714844
0.007118701934814453
0.030627727508544922
0.024195432662963867
0.01571178436279297
0.013545036315917969
0.011887073516845703
0.012290000915527344
0.015436649322509766
0.01209712028503418
0.010790109634399414
0.010134458541870117
0.011243820190429688
0.011496782302856445
0.009964942932128906
0.007364034652709961
0.007260322570800781
0.007216691970825195
0.008346796035766602
0.008615255355834961
0.009384870529174805
0.011185884475708008
0.00851130485534668
0.010444879531860352
0.011059761047363281
0.010141134262084961
0.0077016353607177734
0.008026361465454102
0.009144783020019531
0.007352113723754883
0.030565261840820312
0.028575420379638672
0.032942771911621094
0.0185089111328125
0.017128944396972656
0.012512445449829102
0.012681007385253906
0.012316226959228516
0.011509895324707031
0.010787725448608398
0.011649847030639648
0.012401103973388672
0.009514570236206055
0.008503437042236328
0.00935983657836914
0.0098876953125
0.009559869766235352
0.032985687255859375
0.05270838737487793
0.01932668685913086
0.008030414581298828
0.00737452507019043
0.007546901702880859
0.010973691940307617
0.01057124137878418
0.010076522827148438
0.009743690490722656
0.010738611221313477
0.012299537658691406
0.013557672500610352
0.03966379165649414
0.015245676040649414
0.012129545211791992
0.012207984924316406
0.012278079986572266
0.01622176170349121
0.012291431427001953
0.012296199798583984
0.012313365936279297
0.012445449829101562
0.012068033218383789
0.016533374786376953
0.010881900787353516
0.03175663948059082
0.029022932052612305
0.016425132751464844
0.013945341110229492
0.014205455780029297
0.013661384582519531
0.014467239379882812
0.01340937614440918
0.012727499008178711
0.007164716720581055
0.007417440414428711
0.007688045501708984
0.008398771286010742
0.010881423950195312
0.008051156997680664
0.007865428924560547
0.008723258972167969
0.009543180465698242
0.013993024826049805
0.009924650192260742
0.009683370590209961
0.009989261627197266
0.011821985244750977
0.012227296829223633
0.011398077011108398
0.011160850524902344
0.009473085403442383
0.009197473526000977
0.008667230606079102
0.01036381721496582
0.00850367546081543
0.008658409118652344
0.010310649871826172
0.008550643920898438
0.009066343307495117
0.009187459945678711
0.010622501373291016
0.010816097259521484
0.010788679122924805
0.017412662506103516
0.013859033584594727
0.013349771499633789
0.01357269287109375
0.009769916534423828
0.008685111999511719
0.007930517196655273
0.007859230041503906
0.007441043853759766
0.007299661636352539
0.0074613094329833984
0.007660627365112305
0.007433176040649414
0.007624149322509766
0.008852720260620117
0.007619380950927734
0.0073244571685791016
0.007516622543334961
0.020133256912231445
0.030458450317382812
0.01896071434020996
0.010700702667236328
0.008828163146972656
0.008316516876220703
0.008419990539550781
0.008745193481445312
0.010263919830322266
0.007553577423095703
0.008431434631347656
0.008539438247680664
0.007819175720214844
0.007825136184692383
0.007572174072265625
0.007884025573730469
0.007387876510620117
0.007606029510498047
0.007575273513793945
0.011781692504882812
0.012168645858764648
0.014361143112182617
0.018692493438720703
0.011830329895019531
0.008865118026733398
0.01177072525024414
0.008611440658569336
0.009740829467773438
0.017099857330322266
0.010173797607421875
0.009030818939208984
0.0098114013671875
0.008670568466186523
0.009457111358642578
0.010215282440185547
0.008187055587768555
0.008985280990600586
0.008071660995483398
0.007881641387939453
0.009566068649291992
0.010857105255126953
0.013688087463378906
0.010343313217163086
0.010585546493530273
0.010380029678344727
0.010103940963745117
0.009910345077514648
0.013458967208862305
0.01074361801147461
0.010344266891479492
0.010583162307739258
0.009638071060180664
0.00760650634765625
0.007644176483154297
0.010200262069702148
0.007401943206787109
0.008259057998657227
0.0078887939453125
0.008153200149536133
0.007673501968383789
0.008079051971435547
0.009853124618530273
0.008131265640258789
0.008255481719970703
0.008234024047851562
0.007753849029541016
0.007402181625366211
0.007834911346435547
0.007394075393676758
0.007595539093017578
0.007766008377075195
0.007735729217529297
0.0077326297760009766
0.007876396179199219
0.007153987884521484
0.007041454315185547
0.007005929946899414
0.0074710845947265625
0.007266521453857422
0.008559703826904297
0.009462356567382812
0.009186983108520508
0.00892496109008789
0.009146690368652344
0.008460760116577148
0.00851893424987793
0.008818864822387695
0.009525775909423828
0.00978541374206543
0.009886503219604492
0.01024627685546875
0.01755499839782715
0.007454395294189453
0.007912397384643555
0.008782625198364258
0.007157802581787109
0.007323026657104492
0.008991241455078125
0.007467746734619141
0.008865833282470703
0.009712696075439453
0.00894618034362793
0.032813072204589844
0.02803492546081543
0.01655435562133789
0.012118339538574219
0.011238574981689453
0.010210037231445312
0.009636878967285156
0.009573221206665039
0.010137796401977539
0.010427474975585938
0.01003122329711914
0.010174751281738281
0.009953737258911133
0.01032876968383789
0.009760141372680664
0.00782465934753418
0.0077359676361083984
0.00856924057006836
0.009773969650268555
0.008718013763427734
0.010539531707763672
0.008584976196289062
0.008668184280395508
0.008674383163452148
0.008098602294921875
0.007984638214111328
0.009982585906982422
0.008755683898925781
0.009877443313598633
0.007565021514892578
0.007990121841430664
0.007632255554199219
0.007944822311401367
0.007958650588989258
0.008173227310180664
0.007859945297241211
0.007460117340087891
0.0071849822998046875
0.008144855499267578
0.008364200592041016
0.007899284362792969
0.008275985717773438
0.007842063903808594
0.007746696472167969
0.007600069046020508
0.007765769958496094
0.00822758674621582
0.0074923038482666016
0.007801532745361328
0.007481575012207031
0.008602380752563477
0.007821083068847656
0.008120059967041016
0.007841110229492188
0.008181333541870117
0.007804393768310547
0.010998725891113281
0.007929086685180664
0.0073699951171875
0.007733821868896484
0.007691621780395508
0.007009267807006836
0.007374763488769531
0.011420488357543945
0.007368803024291992
0.007891178131103516
0.007554054260253906
0.00793313980102539
0.007512331008911133
0.007771968841552734
0.0077817440032958984
0.009616613388061523
0.007842540740966797
0.0077571868896484375
0.00728297233581543
0.01850271224975586
0.00810551643371582
0.008221149444580078
0.01114797592163086
0.00848388671875
0.03318214416503906
0.03206229209899902
0.020255565643310547
0.012992620468139648
0.01030874252319336
0.00919032096862793
0.009119033813476562
0.00918126106262207
0.00897073745727539
0.008786439895629883
0.007943391799926758
0.007726192474365234
0.008137941360473633
0.007859468460083008
0.00744318962097168
0.008893013000488281
0.007261753082275391
0.0075991153717041016
0.007893085479736328
0.00790548324584961
0.007876873016357422
0.024946212768554688
0.008002519607543945
0.008209228515625
0.007361412048339844
0.007207155227661133
0.007657289505004883
0.007665395736694336
0.007382392883300781
0.010077238082885742
0.007573366165161133
0.008147954940795898
0.00759124755859375
0.007338285446166992
0.006956815719604492
0.007436037063598633
0.006921052932739258
0.007012367248535156
0.00740361213684082
0.006934165954589844
0.009254217147827148
0.013094902038574219
0.029793739318847656
0.02287006378173828
0.012477874755859375
0.007220268249511719
0.007015228271484375
0.006969928741455078
0.006933450698852539
0.00795292854309082
0.009150981903076172
0.008083105087280273
0.008619070053100586
0.008244514465332031
0.007790565490722656
0.007933855056762695
0.007440328598022461
0.007566213607788086
0.007483005523681641
0.008181095123291016
0.008446931838989258
0.00803232192993164
0.007157325744628906
0.007438182830810547
0.0074541568756103516
0.009915590286254883
0.007872343063354492
0.00780177116394043
0.007816553115844727
0.008986711502075195
0.007750511169433594
0.007808208465576172
0.007520437240600586
0.009932994842529297
0.007887840270996094
0.007432699203491211
0.007741212844848633
0.007921457290649414
0.007875442504882812
0.0074040889739990234
0.00767827033996582
0.01072382926940918
0.007191658020019531
0.00739598274230957
0.007181406021118164
0.007827520370483398
0.007666587829589844
0.008568525314331055
0.03452277183532715
0.03477358818054199
0.03209948539733887
0.04311800003051758
0.03108072280883789
0.029741764068603516
0.016618967056274414
0.011786222457885742
0.010771751403808594
0.010616302490234375
0.010655641555786133
0.011918783187866211
0.02313399314880371
0.018091440200805664
0.009038448333740234
0.008126974105834961
0.008274316787719727
0.007551431655883789
0.008684873580932617
0.0076143741607666016
0.007598400115966797
0.00754094123840332
0.007542133331298828
0.008083343505859375
0.011870145797729492
0.03317427635192871
0.03365921974182129
0.029235363006591797
0.014796733856201172
0.013571977615356445
0.012012720108032227
0.011963605880737305
0.010729551315307617
0.014199018478393555
0.011081695556640625
0.010966777801513672
0.010643482208251953
0.010196685791015625
0.04840564727783203
0.017940044403076172
0.015439748764038086
0.014491796493530273
0.012783288955688477
0.009092092514038086
0.03501701354980469
0.024193286895751953
0.01841449737548828
0.016039133071899414
0.0077435970306396484
0.03255510330200195
0.015869617462158203
0.015967130661010742
0.011230707168579102
0.01132512092590332
0.011071205139160156
0.010926008224487305
0.01080942153930664
0.010951042175292969
0.0110015869140625
0.010941505432128906
0.011380434036254883
0.008538961410522461
0.007410287857055664
0.007607221603393555
0.009879827499389648
0.007933378219604492
0.00770115852355957
0.00793910026550293
0.007819890975952148
0.007857084274291992
0.007664918899536133
0.009972095489501953
0.007919549942016602
0.007839679718017578
0.03628182411193848
0.04580092430114746
0.0343785285949707
0.02391958236694336
0.02472972869873047
0.01230001449584961
0.012269258499145508
0.012254714965820312
0.012283802032470703
0.012328386306762695
0.012014150619506836
0.008040189743041992
0.0073184967041015625
0.006884574890136719
0.008015871047973633
0.008291482925415039
0.009512186050415039
0.00946187973022461
0.007595062255859375
0.007005453109741211
0.00870823860168457
0.007744312286376953
0.007385969161987305
0.006974697113037109
0.006906986236572266
0.009846687316894531
0.007634878158569336
0.032418012619018555
0.03128361701965332
0.030356884002685547
0.014406681060791016
0.012234926223754883
0.01193380355834961
0.01590704917907715
0.007942914962768555
0.007970571517944336
0.008027076721191406
0.007856130599975586
0.009006023406982422
0.00847768783569336
0.011804580688476562
0.008939743041992188
0.00937342643737793
0.009255170822143555
0.008329629898071289
0.007862329483032227
0.007445096969604492
0.04405093193054199
0.03085470199584961
0.017640352249145508
0.01181650161743164
0.014336347579956055
0.010398387908935547
0.010286092758178711
0.010578393936157227
0.010763883590698242
0.010475635528564453
0.010470867156982422
0.010294914245605469
0.009862422943115234
0.01001596450805664
0.010749578475952148
0.010538339614868164
0.01114654541015625
0.014320135116577148
0.01025080680847168
0.010583162307739258
0.010601282119750977
0.010601520538330078
0.01321268081665039
0.017047405242919922
0.013453245162963867
0.013406991958618164
0.012537956237792969
0.01214456558227539
0.012353897094726562
0.0075092315673828125
0.007729768753051758
0.008235931396484375
0.00766444206237793
0.007881879806518555
0.007508277893066406
0.007662296295166016
0.010675430297851562
0.009069442749023438
0.0076906681060791016
0.008063077926635742
0.007794857025146484
0.007988214492797852
0.008404254913330078
0.008368968963623047
0.00787210464477539
0.033082008361816406
0.032683372497558594
0.008284568786621094
0.00813746452331543
0.008073091506958008
0.008130311965942383
0.008174419403076172
0.007743120193481445
0.007308483123779297
0.00800943374633789
0.007857084274291992
0.007628917694091797
0.007942438125610352
0.007420539855957031
0.007666587829589844
0.007792472839355469
0.010288476943969727
0.007887601852416992
0.008299112319946289
0.00791788101196289
0.0077784061431884766
0.00862431526184082
0.008239030838012695
0.008333921432495117
0.009864568710327148
0.011534452438354492
0.011299371719360352
0.01132059097290039
0.011003494262695312
0.011283159255981445
0.011209726333618164
0.01180720329284668
0.011610984802246094
0.01137232780456543
0.011386871337890625
0.011064767837524414
0.011100530624389648
0.011363744735717773
0.011207818984985352
0.007892370223999023
0.007922887802124023
0.00796961784362793
0.007939338684082031
0.007472038269042969
0.007388114929199219
0.008214473724365234
0.008849382400512695
0.008720159530639648
0.008374452590942383
0.008666038513183594
0.011658906936645508
0.008084297180175781
0.00812983512878418
0.007981061935424805
0.008460760116577148
0.008063077926635742
0.008048295974731445
0.009966611862182617
0.00792384147644043
0.008063554763793945
0.008493900299072266
0.008483409881591797
0.00827479362487793
0.008423566818237305
0.008465051651000977
0.008338451385498047
0.008048534393310547
0.007633686065673828
0.009489059448242188
0.008236885070800781
0.008223772048950195
0.0352327823638916
0.03218269348144531
0.03161263465881348
0.03243589401245117
0.012998342514038086
0.010944843292236328
0.010829448699951172
0.011065483093261719
0.010706186294555664
0.010300636291503906
0.010303497314453125
0.011095046997070312
0.007665395736694336
0.008402585983276367
0.008107185363769531
0.007566928863525391
0.007622718811035156
0.007796525955200195
0.007951021194458008
0.007482290267944336
0.007637739181518555
0.007840871810913086
0.04825758934020996
0.035692691802978516
0.02522110939025879
0.015896320343017578
0.012199640274047852
0.011473894119262695
0.011310100555419922
0.011266469955444336
0.011565446853637695
0.010831594467163086
0.008123397827148438
0.008307695388793945
0.008201122283935547
0.007987499237060547
0.008528947830200195
0.008785724639892578
0.008326053619384766
0.008152008056640625
0.007848501205444336
0.0075414180755615234
0.00811910629272461
0.007954120635986328
0.008118867874145508
0.007941961288452148
0.010611772537231445
0.007574558258056641
0.007748603820800781
0.009790897369384766
0.007994651794433594
0.007974386215209961
0.007749795913696289
0.04285740852355957
0.029649019241333008
0.021924972534179688
0.02031421661376953
0.012861490249633789
0.012024879455566406
0.012159585952758789
0.012148857116699219
0.012079715728759766
0.011846065521240234
0.011765003204345703
0.011664867401123047
0.012064456939697266
0.011829376220703125
0.011999130249023438
0.015707015991210938
0.011613130569458008
0.011405467987060547
0.01224660873413086
0.011985540390014648
0.007768154144287109
0.008145332336425781
0.04782247543334961
0.018027067184448242
0.013894081115722656
0.012154102325439453
0.010514974594116211
0.010987281799316406
0.010737895965576172
0.010661125183105469
0.007778167724609375
0.019305706024169922
0.0440678596496582
0.015836477279663086
0.012334823608398438
0.012253046035766602
0.012431621551513672
0.014401912689208984
0.01241445541381836
0.0124359130859375
0.01239466667175293
0.012390851974487305
0.012769937515258789
0.012335777282714844
0.012499094009399414
0.007462739944458008
0.00885009765625
0.007928133010864258
0.007614612579345703
0.025362253189086914
0.032521963119506836
0.020208358764648438
0.01280522346496582
0.01200723648071289
0.010205745697021484
0.010956764221191406
0.010855674743652344
0.010629415512084961
0.010182857513427734
0.010672807693481445
0.01399850845336914
0.01075434684753418
0.011180877685546875
0.010995864868164062
0.01066279411315918
0.010563135147094727
0.014106273651123047
0.010873079299926758
0.010767936706542969
0.008292198181152344
0.0092010498046875
0.00834035873413086
0.007634639739990234
0.013643026351928711
0.008714914321899414
0.007624387741088867
0.008488178253173828
0.007828474044799805
0.007602691650390625
0.008258342742919922
0.007885456085205078
0.010082006454467773
0.008819103240966797
0.008395671844482422
0.008466958999633789
0.007819890975952148
0.0077419281005859375
0.00791311264038086
0.010346412658691406
0.007601499557495117
0.00834965705871582
0.007630348205566406
0.007863759994506836
0.00791621208190918
0.008135557174682617
0.007663726806640625
0.007546186447143555
0.007923364639282227
0.008011579513549805
0.007742166519165039
0.007483959197998047
0.03255271911621094
0.03315567970275879
0.020467519760131836
0.008229255676269531
0.007021665573120117
0.00925588607788086
0.007363080978393555
0.006774187088012695
0.008455991744995117
0.008520126342773438
0.00841379165649414
0.00820779800415039
0.008324861526489258
0.008138418197631836
0.008256196975708008
0.008281707763671875
0.008146286010742188
0.008552074432373047
0.008134126663208008
0.008139848709106445
0.008778095245361328
0.011151552200317383
0.01056671142578125
0.007998943328857422
0.030917882919311523
0.03623223304748535
0.017865657806396484
0.012761831283569336
0.010117053985595703
0.008681774139404297
0.008141517639160156
0.007858991622924805
0.007869958877563477
0.02972722053527832
0.023764848709106445
0.023761987686157227
0.01730513572692871
0.008544683456420898
0.007222175598144531
0.007584333419799805
0.0071430206298828125
0.00701141357421875
0.007412433624267578
0.007370710372924805
0.007896184921264648
0.007590770721435547
0.007111310958862305
0.0069484710693359375
0.00780940055847168
0.007691144943237305
0.010029792785644531
0.007578372955322266
0.007717609405517578
0.008146047592163086
0.008034944534301758
0.008108854293823242
0.008135080337524414
0.011184215545654297
0.008279800415039062
0.007820844650268555
0.007944583892822266
0.008077144622802734
0.008255720138549805
0.008380413055419922
0.02511310577392578
0.008488655090332031
0.007502079010009766
0.03195524215698242
0.038874149322509766
0.02260756492614746
0.021999359130859375
0.02193593978881836
0.020185470581054688
0.014017105102539062
0.013503313064575195
0.013783454895019531
0.01417088508605957
0.018501996994018555
0.013956546783447266
0.01398921012878418
0.014008283615112305
0.014291048049926758
0.018524169921875
0.014208793640136719
0.016728639602661133
0.014527320861816406
0.014667034149169922
0.012047767639160156
0.008531332015991211
0.008062601089477539
0.007215976715087891
0.007708072662353516
0.00712132453918457
0.007597446441650391
0.007418394088745117
0.008744001388549805
0.03206133842468262
0.029759883880615234
0.015084266662597656
0.011151313781738281
0.009159326553344727
0.0077936649322509766
0.007783174514770508
0.0343325138092041
0.03420901298522949
0.013246297836303711
0.010847330093383789
0.010827779769897461
0.011120796203613281
0.011420011520385742
0.009439229965209961
0.008056879043579102
0.034819841384887695
0.04376816749572754
0.017837047576904297
0.01832294464111328
0.01743006706237793
0.014583826065063477
0.019163846969604492
0.023118019104003906
0.014905929565429688
0.015109539031982422
0.014954090118408203
0.014180660247802734
0.010780811309814453
0.00980830192565918
0.009987831115722656
0.00985264778137207
0.012785911560058594
0.009850025177001953
0.009256601333618164
0.009603261947631836
0.009340286254882812
0.0351099967956543
0.020994901657104492
0.012258529663085938
0.010586023330688477
0.010016441345214844
0.009678840637207031
0.009658336639404297
0.012340545654296875
0.00842428207397461
0.0069620609283447266
0.007892847061157227
0.007940530776977539
0.03279519081115723
0.02051997184753418
0.014424800872802734
0.013788223266601562
0.014567852020263672
0.014496326446533203
0.014219045639038086
0.014361858367919922
0.014437198638916016
0.01443934440612793
0.014209270477294922
0.012819528579711914
0.00714111328125
0.03259611129760742
0.04355192184448242
0.017597675323486328
0.013810873031616211
0.011375665664672852
0.010546684265136719
0.03987479209899902
0.014954805374145508
0.012005805969238281
0.010570049285888672
0.00994873046875
0.010601282119750977
0.013907432556152344
0.010384082794189453
0.010680675506591797
0.010665655136108398
0.010634422302246094
0.02979588508605957
0.024729490280151367
0.015846729278564453
0.013263702392578125
0.01151418685913086
0.015964031219482422
0.011960744857788086
0.011654376983642578
0.01235651969909668
0.009408235549926758
0.01583409309387207
0.009132862091064453
0.008808612823486328
0.008728265762329102
0.008275270462036133
0.007500410079956055
0.030834674835205078
0.027123212814331055
0.015970706939697266
0.013013601303100586
0.010381937026977539
0.010298728942871094
0.010372161865234375
0.0103607177734375
0.009758234024047852
0.010253667831420898
0.010379552841186523
0.009586095809936523
0.03291916847229004
0.0074460506439208984
0.0067901611328125
0.006883144378662109
0.00709080696105957
0.00764012336730957
0.007205009460449219
0.007032871246337891
0.03960919380187988
0.021570444107055664
0.013841629028320312
0.014688730239868164
0.01498103141784668
0.015409469604492188
0.013982534408569336
0.012058019638061523
0.009981632232666016
0.008417844772338867
0.008580207824707031
0.008307933807373047
0.008073091506958008
0.010998010635375977
0.00786137580871582
0.007908105850219727
0.014932632446289062
0.036983489990234375
0.025845050811767578
0.01273798942565918
0.012312650680541992
0.012717247009277344
0.01336216926574707
0.046233415603637695
0.023054122924804688
0.017925262451171875
0.014715194702148438
0.020419836044311523
0.014948844909667969
0.014961957931518555
0.014704465866088867
0.015820980072021484
0.020584583282470703
0.015211820602416992
0.014932394027709961
0.01403498649597168
0.009885072708129883
0.007477521896362305
0.033589839935302734
0.023192644119262695
0.008169174194335938
0.008053779602050781
0.010511159896850586
0.008305072784423828
0.008189916610717773
0.035508155822753906
0.04247641563415527
0.016828060150146484
0.017158985137939453
0.014956951141357422
0.015318155288696289
0.014856100082397461
0.03438973426818848
0.021338462829589844
0.020520448684692383
0.03463625907897949
0.022829771041870117
0.011887311935424805
0.01458883285522461
0.007847070693969727
0.007653236389160156
0.007565736770629883
0.007950305938720703
0.007406949996948242
0.007738590240478516
0.007590055465698242
0.007946252822875977
0.007673978805541992
0.007765769958496094
0.007727861404418945
0.007747173309326172
0.008461952209472656
0.007570743560791016
0.040920257568359375
0.03459358215332031
0.02190256118774414
0.014627933502197266
0.012992143630981445
0.01131892204284668
0.00976252555847168
0.02215719223022461
0.012798547744750977
0.013898849487304688
0.010713815689086914
0.01045989990234375
0.010458707809448242
0.010697126388549805
0.007495403289794922
0.009509563446044922
0.03241539001464844
0.031893014907836914
0.016516685485839844
0.010727643966674805
0.01061701774597168
0.010583639144897461
0.010579586029052734
0.010753154754638672
0.01233673095703125
0.010219097137451172
0.03328418731689453
0.021964073181152344
0.012879610061645508
0.011984586715698242
0.009433984756469727
0.009525299072265625
0.008995294570922852
0.013152837753295898
0.011721611022949219
0.008910417556762695
0.009196996688842773
0.030277013778686523
0.016034364700317383
0.011792421340942383
0.03777503967285156
0.01849651336669922
0.018468856811523438
0.017245769500732422
0.01518392562866211
0.014406204223632812
0.012562274932861328
0.01215672492980957
0.009530305862426758
0.007805824279785156
0.010260820388793945
0.03575468063354492
0.027294635772705078
0.01754474639892578
0.012760400772094727
0.011615753173828125
0.010683298110961914
0.010990619659423828
0.01071786880493164
0.010694742202758789
0.013383865356445312
0.010138750076293945
0.007609844207763672
0.007137298583984375
0.031412601470947266
0.0383756160736084
0.014757633209228516
0.012627601623535156
0.01310420036315918
0.013814926147460938
0.017460346221923828
0.013431787490844727
0.037416696548461914
0.018860816955566406
0.033223867416381836
0.019410133361816406
0.017728805541992188
0.020075321197509766
0.028717994689941406
0.022963523864746094
0.02710270881652832
0.01530146598815918
0.019225597381591797
0.02685832977294922
0.0164182186126709
0.012189388275146484
0.010886430740356445
0.013680458068847656
0.010275125503540039
0.00888371467590332
0.008093118667602539
0.00907135009765625
0.009425878524780273
0.008985042572021484
0.03571033477783203
0.02174091339111328
0.015030622482299805
0.020682811737060547
0.01490640640258789
0.01507711410522461
0.015022993087768555
0.015798091888427734
0.016317367553710938
0.007825374603271484
0.007526397705078125
0.03350377082824707
0.036789655685424805
0.014796972274780273
0.013975143432617188
0.014814615249633789
0.04145169258117676
0.0178072452545166
0.01768040657043457
0.017721176147460938
0.0241696834564209
0.017892837524414062
0.01766490936279297
0.017566204071044922
0.02467036247253418
0.01754927635192871
0.032294511795043945
0.022541046142578125
0.011753559112548828
0.010718345642089844
0.03192400932312012
0.04173851013183594
0.017452716827392578
0.030818939208984375
0.030416488647460938
0.01771402359008789
0.03231525421142578
0.038489341735839844
0.01816558837890625
0.01821136474609375
0.01769733428955078
0.01883530616760254
0.007313251495361328
0.007822275161743164
0.007203817367553711
0.007804155349731445
0.00767207145690918
0.0078089237213134766
0.007741689682006836
0.03790879249572754
0.02978348731994629
0.031247854232788086
0.04238390922546387
0.03097820281982422
0.03108501434326172
0.030443429946899414
0.01633763313293457
0.009621381759643555
0.00815725326538086
0.0076313018798828125
0.027811765670776367
0.013798236846923828
0.011951446533203125
0.010287761688232422
0.010417699813842773
0.010312557220458984
0.010463714599609375
0.009685039520263672
0.01042795181274414
0.010263919830322266
0.010303258895874023
0.02876901626586914
0.027384042739868164
0.010829687118530273
0.007879972457885742
0.025280237197875977
0.03224968910217285
0.01816534996032715
0.0124664306640625
0.010799884796142578
0.010669946670532227
0.011047840118408203
0.013269424438476562
0.010378599166870117
0.010399580001831055
0.008788585662841797
0.00824117660522461
0.01955437660217285
0.010355234146118164
0.007609128952026367
0.007830381393432617
0.009606122970581055
0.03170299530029297
0.042211294174194336
0.020299673080444336
0.017699480056762695
0.015343666076660156
0.020882129669189453
0.01751089096069336
0.01311635971069336
0.013576984405517578
0.013989686965942383
0.01810908317565918
0.013247013092041016
0.013065099716186523
0.013489723205566406
0.01352691650390625
0.013562917709350586
0.021071195602416992
0.014294862747192383
0.013754844665527344
0.013661384582519531
0.013622045516967773
0.01417088508605957
0.01608419418334961
0.014267444610595703
0.01394033432006836
0.014371395111083984
0.015152454376220703
0.015220880508422852
0.014621496200561523
0.013364791870117188
0.013362884521484375
0.015638113021850586
0.012856721878051758
0.012615442276000977
0.04142141342163086
0.03041219711303711
0.01282191276550293
0.00971078872680664
0.010696172714233398
0.009443044662475586
0.011179208755493164
0.009855270385742188
0.009832143783569336
0.009753227233886719
0.009422540664672852
0.009626388549804688
0.00953364372253418
0.009311676025390625
0.0376734733581543
0.022413969039916992
0.01687026023864746
0.014312267303466797
0.01361536979675293
0.013916492462158203
0.015147209167480469
0.01443171501159668
0.013593196868896484
0.013974189758300781
0.01807713508605957
0.013891935348510742
0.014489412307739258
0.014289617538452148
0.013547182083129883
0.01810908317565918
0.013507604598999023
0.013889312744140625
0.013811349868774414
0.012943506240844727
0.012936115264892578
0.017886638641357422
0.012859106063842773
0.011785030364990234
0.010339975357055664
0.010268211364746094
0.00969696044921875
0.00956416130065918
0.012259721755981445
0.009210586547851562
0.009093523025512695
0.00932765007019043
0.009221792221069336
0.008996248245239258
0.008507966995239258
0.008489847183227539
0.03919625282287598
0.021289825439453125
0.021429061889648438
0.0213930606842041
0.020354509353637695
0.016721248626708984
0.012560129165649414
0.007449626922607422
0.007480621337890625
0.007403373718261719
0.007645845413208008
0.006905078887939453
0.0075075626373291016
0.00753331184387207
0.02985072135925293
0.02848529815673828
0.01660776138305664
0.017866849899291992
0.024961471557617188
0.018953323364257812
0.01847553253173828
0.017126798629760742
0.010237932205200195
0.01465296745300293
0.011508941650390625
0.011133909225463867
0.011425495147705078
0.01132655143737793
0.009806394577026367
0.012939929962158203
0.008207559585571289
0.009661197662353516
0.009228706359863281
0.008172988891601562
0.008624076843261719
0.008954286575317383
0.012658357620239258
0.008893251419067383
0.03177237510681152
0.030046939849853516
0.03223919868469238
0.012104511260986328
0.010570049285888672
0.010139703750610352
0.010016441345214844
0.009557008743286133
0.012698650360107422
0.009874105453491211
0.009483575820922852
0.009624958038330078
0.012507915496826172
0.04505324363708496
0.018702030181884766
0.01902318000793457
0.018930435180664062
0.008629798889160156
0.008693456649780273
0.00881648063659668
0.008049488067626953
0.008800029754638672
0.009020566940307617
0.008516073226928711
0.04067254066467285
0.026335477828979492
0.017264366149902344
0.01661062240600586
0.01942729949951172
0.012033462524414062
0.01219034194946289
0.012219429016113281
0.012019157409667969
0.012018680572509766
0.011620283126831055
0.011572837829589844
0.011644363403320312
0.012140035629272461
0.01218724250793457
0.015494346618652344
0.03295278549194336
0.026437997817993164
0.013849973678588867
0.015785932540893555
0.010754585266113281
0.03409290313720703
0.0177614688873291
0.013596773147583008
0.010132551193237305
0.009564638137817383
0.008951187133789062
0.009577751159667969
0.009639501571655273
0.009551286697387695
0.009298324584960938
0.00957798957824707
0.0328211784362793
0.03291964530944824
0.015918254852294922
0.012268781661987305
0.010510444641113281
0.008926630020141602
0.029986858367919922
0.011461734771728516
0.007153987884521484
0.018688201904296875
0.010931968688964844
0.008440017700195312
0.008434534072875977
0.013142824172973633
0.008833169937133789
0.008684158325195312
0.008671045303344727
0.008669137954711914
0.009050130844116211
0.008467912673950195
0.009841680526733398
0.008148670196533203
0.008517265319824219
0.008633136749267578
0.008324861526489258
0.008523702621459961
0.008427143096923828
0.008471488952636719
0.011076688766479492
0.00725102424621582
0.007085561752319336
0.00742340087890625
0.00680851936340332
0.0073299407958984375
0.007485389709472656
0.007385969161987305
0.007379055023193359
0.007454633712768555
0.0074236392974853516
0.007468700408935547
0.033191680908203125
0.04487419128417969
0.032187700271606445
0.02312326431274414
0.03054499626159668
0.01767706871032715
0.014362573623657227
0.014190912246704102
0.014603614807128906
0.019626855850219727
0.013087987899780273
0.014046907424926758
0.009908676147460938
0.007678031921386719
0.007563114166259766
0.007693767547607422
0.011172771453857422
0.008536338806152344
0.008568763732910156
0.02986907958984375
0.03572392463684082
0.009549379348754883
0.01026296615600586
0.009042978286743164
0.008623361587524414
0.010126352310180664
0.010387182235717773
0.012326478958129883
0.012017965316772461
0.012136459350585938
0.011127710342407227
0.010561227798461914
0.011502265930175781
0.012679576873779297
0.01043558120727539
0.03430771827697754
0.015887975692749023
0.012592077255249023
0.010682344436645508
0.011108160018920898
0.011259794235229492
0.011136770248413086
0.010550260543823242
0.013339519500732422
0.010092973709106445
0.009491443634033203
0.00912928581237793
0.008331537246704102
0.008383512496948242
0.008161544799804688
0.008469104766845703
0.01084136962890625
0.008158445358276367
0.008051395416259766
0.00903630256652832
0.007951736450195312
0.008597850799560547
0.008617162704467773
0.009013891220092773
0.008272647857666016
0.02083110809326172
0.012158870697021484
0.009763002395629883
0.0088043212890625
0.011682987213134766
0.00877070426940918
0.008787870407104492
0.029639244079589844
0.029349327087402344
0.017040491104125977
0.013140201568603516
0.01109457015991211
0.010293245315551758
0.010289192199707031
0.01026010513305664
0.01032876968383789
0.010103940963745117
0.007288455963134766
0.007404327392578125
0.03069162368774414
0.03151440620422363
0.013192176818847656
0.011598348617553711
0.011858224868774414
0.011640787124633789
0.01161956787109375
0.01170492172241211
0.011701822280883789
0.011721134185791016
0.01186513900756836
0.011867284774780273
0.017505645751953125
0.011860847473144531
0.034696340560913086
0.020465612411499023
0.010990619659423828
0.008167266845703125
0.009519338607788086
0.03346371650695801
0.04013824462890625
0.007889270782470703
0.008133888244628906
0.007925748825073242
0.01429891586303711
0.013895511627197266
0.007871150970458984
0.008120298385620117
0.008606195449829102
0.008199453353881836
0.0082550048828125
0.010088205337524414
0.009793519973754883
0.00959157943725586
0.008754968643188477
0.00838923454284668
0.008647680282592773
0.03212261199951172
0.03994321823120117
0.015209197998046875
0.011255979537963867
0.010541915893554688
0.010500431060791016
0.010601520538330078
0.011863946914672852
0.010680198669433594
0.0107421875
0.0075986385345458984
0.029180526733398438
0.034479379653930664
0.01482248306274414
0.011918067932128906
0.01166391372680664
0.011549949645996094
0.011409282684326172
0.033890485763549805
0.02034616470336914
0.016257762908935547
0.01641845703125
0.01616215705871582
0.01595449447631836
0.016358613967895508
0.020997047424316406
0.016014814376831055
0.015436887741088867
0.016137361526489258
0.018313169479370117
0.015079498291015625
0.015233278274536133
0.015326499938964844
0.015120744705200195
0.01465916633605957
0.015024185180664062
0.014871835708618164
0.014868021011352539
0.0193634033203125
0.015300750732421875
0.014492034912109375
0.015290021896362305
0.01475667953491211
0.01898336410522461
0.014767169952392578
0.014581680297851562
0.014944314956665039
0.014618396759033203
0.01999211311340332
0.014586210250854492
0.013740301132202148
0.008331060409545898
0.03214621543884277
0.029495716094970703
0.013963937759399414
0.012413978576660156
0.012070178985595703
0.011654138565063477
0.011431694030761719
0.010788202285766602
0.010677576065063477
0.008909940719604492
0.03159141540527344
0.027691125869750977
0.014505624771118164
0.011308670043945312
0.01029825210571289
0.010276317596435547
0.01034092903137207
0.013595342636108398
0.010632514953613281
0.010288238525390625
0.010132312774658203
0.010152816772460938
0.010731935501098633
0.011586666107177734
0.010184526443481445
0.010449409484863281
0.01014399528503418
0.010320425033569336
0.010455608367919922
0.010374784469604492
0.014033794403076172
0.010542154312133789
0.03240609169006348
0.030799150466918945
0.018843650817871094
0.01121973991394043
0.010772466659545898
0.010552406311035156
0.010474920272827148
0.010654687881469727
0.01382136344909668
0.01060175895690918
0.010776281356811523
0.010569572448730469
0.010531902313232422
0.010828971862792969
0.010099649429321289
0.01031947135925293
0.010790109634399414
0.01164388656616211
0.00924372673034668
0.007112264633178711
0.00755763053894043
0.030232667922973633
0.0299069881439209
0.01762676239013672
0.016297578811645508
0.016483306884765625
0.016666412353515625
0.037404537200927734
0.029888153076171875
0.04740095138549805
0.07127594947814941
0.01082158088684082
0.015095233917236328
0.0262451171875
0.016175031661987305
0.014290332794189453
0.023473501205444336
0.02256155014038086
0.017258882522583008
0.013975381851196289
0.013707160949707031
0.011135339736938477
0.011892557144165039
0.010191202163696289
0.016959190368652344
0.015979290008544922
0.032422780990600586
0.013961553573608398
0.008113384246826172
0.007373332977294922
0.011409282684326172
0.03055262565612793
0.027287006378173828
0.016315221786499023
0.011441230773925781
0.010058164596557617
0.00810694694519043
0.00980067253112793
0.04581737518310547
0.03451704978942871
0.04169034957885742
0.022333383560180664
0.015551090240478516
0.015096426010131836
0.012392282485961914
0.012120962142944336
0.009731054306030273
0.012389183044433594
0.012382030487060547
0.014627933502197266
0.014141082763671875
0.014664173126220703
0.022449731826782227
0.01772141456604004
0.013216972351074219
0.017283201217651367
0.01635289192199707
0.02161884307861328
0.01040339469909668
0.011722326278686523
0.011341571807861328
0.012939214706420898
0.010208368301391602
0.011173248291015625
0.009737253189086914
0.00948953628540039
0.00939488410949707
0.010838031768798828
0.009908437728881836
0.009520292282104492
0.014219999313354492
0.009618282318115234
0.009595155715942383
0.010684728622436523
0.011017560958862305
0.010655641555786133
0.01569533348083496
0.010610342025756836
0.0162200927734375
0.013055801391601562
0.012235879898071289
0.012425422668457031
0.015958547592163086
0.010308980941772461
0.010279655456542969
0.011424779891967773
0.010633230209350586
0.013761758804321289
0.014141559600830078
0.010568380355834961
0.010641813278198242
0.010516881942749023
0.010727643966674805
0.009769678115844727
0.008959054946899414
0.0087890625
0.00808262825012207
0.00783991813659668
0.03126335144042969
0.03380560874938965
0.014277935028076172
0.009845733642578125
0.014724016189575195
0.0155487060546875
0.017357826232910156
0.015167713165283203
0.010248661041259766
0.008638143539428711
0.008112430572509766
0.00780177116394043
0.008600234985351562
0.009646415710449219
0.0077512264251708984
0.007680654525756836
0.007144927978515625
0.007720232009887695
0.007761716842651367
0.007827997207641602
0.007357358932495117
0.009987354278564453
0.007732868194580078
0.007712602615356445
0.012534141540527344
0.007611989974975586
0.0076715946197509766
0.00774836540222168
0.009851455688476562
0.0073888301849365234
0.007607936859130859
0.007718324661254883
0.008467912673950195
0.008361101150512695
0.008494138717651367
0.008509635925292969
0.008764982223510742
0.00839686393737793
0.00909423828125
0.00785064697265625
0.008519887924194336
0.008630752563476562
0.010076284408569336
0.0074977874755859375
0.007547140121459961
0.007649898529052734
0.029964923858642578
0.01500844955444336
0.007991552352905273
0.007550954818725586
0.007768154144287109
0.008107900619506836
0.007965564727783203
0.008216619491577148
0.010918617248535156
0.017707109451293945
0.0075223445892333984
0.00782012939453125
0.007420063018798828
0.007500886917114258
0.007346153259277344
0.007702827453613281
0.010149240493774414
0.00790095329284668
0.00786900520324707
0.007649660110473633
0.007615327835083008
0.008160591125488281
0.008631467819213867
0.008145570755004883
0.007932662963867188
0.008703947067260742
0.008520841598510742
0.008841991424560547
0.008722543716430664
0.009061813354492188
0.011512041091918945
0.008071660995483398
0.007627964019775391
0.007460594177246094
0.007566213607788086
0.007433176040649414
0.007380008697509766
0.007324695587158203
0.007197380065917969
0.007158517837524414
0.027231454849243164
0.025371789932250977
0.03282737731933594
0.018565893173217773
0.01518392562866211
0.015076398849487305
0.015458822250366211
0.021106958389282227
0.015287399291992188
0.02659749984741211
0.012298583984375
0.010810375213623047
0.01482534408569336
0.010797977447509766
0.03044295310974121
0.027210474014282227
0.0199737548828125
0.008018732070922852
0.007700920104980469
0.008617877960205078
0.015982389450073242
0.009607791900634766
0.011517524719238281
0.009164094924926758
0.00879669189453125
0.008283376693725586
0.008341550827026367
0.008176803588867188
0.008524417877197266
0.007829666137695312
0.007894039154052734
0.009477376937866211
0.008821249008178711
0.00879669189453125
0.007729053497314453
0.007517337799072266
0.007674455642700195
0.007359981536865234
0.007591724395751953
0.0070323944091796875
0.007525920867919922
0.006944417953491211
0.0074732303619384766
0.009463310241699219
0.007062196731567383
0.027372121810913086
0.028217554092407227
0.0274960994720459
0.013187170028686523
0.013121843338012695
0.008568286895751953
0.009027242660522461
0.007918834686279297
0.008692741394042969
0.01665019989013672
0.00841522216796875
0.008374214172363281
0.008370399475097656
0.0087738037109375
0.007884025573730469
0.008565902709960938
0.011583566665649414
0.008296012878417969
0.008033275604248047
0.008259057998657227
0.007641315460205078
0.008215188980102539
0.0084381103515625
0.008470296859741211
0.010040521621704102
0.007901668548583984
0.007634878158569336
0.035636186599731445
0.010368108749389648
0.00753474235534668
0.007401704788208008
0.030345439910888672
0.007971763610839844
0.00714111328125
0.03971672058105469
0.02750992774963379
0.010622501373291016
0.007558107376098633
0.008394002914428711
0.007934093475341797
0.008154153823852539
0.019008874893188477
0.008032798767089844
0.007850885391235352
0.00817108154296875
0.007566213607788086
0.010592460632324219
0.0076024532318115234
0.00802755355834961
0.007888555526733398
0.007770538330078125
0.007586240768432617
0.007554054260253906
0.008115291595458984
0.0074732303619384766
0.008254528045654297
0.007576942443847656
0.007292270660400391
0.0075376033782958984
0.007109642028808594
0.008016347885131836
0.007989168167114258
0.00767207145690918
0.007431745529174805
0.03497600555419922
0.035212039947509766
0.015904903411865234
0.011363029479980469
0.01266026496887207
0.011989831924438477
0.01463627815246582
0.019762516021728516
0.010454416275024414
0.011575937271118164
0.010202407836914062
0.010390043258666992
0.008951187133789062
0.0314483642578125
0.029357433319091797
0.022174358367919922
0.0075855255126953125
0.011272907257080078
0.009039640426635742
0.007991313934326172
0.007442951202392578
0.007148265838623047
0.009256601333618164
0.0074422359466552734
0.007132291793823242
0.01088571548461914
0.011455774307250977
0.014206409454345703
0.01173543930053711
0.011249542236328125
0.010799169540405273
0.01117849349975586
0.009665250778198242
0.009332418441772461
0.008997678756713867
0.008451700210571289
0.00861811637878418
0.00735783576965332
0.007557392120361328
0.008223295211791992
0.007785320281982422
0.007769584655761719
0.02022075653076172
0.007612943649291992
0.0076236724853515625
0.00738978385925293
0.007636070251464844
0.007536649703979492
0.007346391677856445
0.007341146469116211
0.01009511947631836
0.008149147033691406
0.008489131927490234
0.008394241333007812
0.009203910827636719
0.008458375930786133
0.007453441619873047
0.009965896606445312
0.007625102996826172
0.007080793380737305
0.007890701293945312
0.03326916694641113
0.017899274826049805
0.03538870811462402
0.018960952758789062
0.009245157241821289
0.008781194686889648
0.01075887680053711
0.009790658950805664
0.008564949035644531
0.008089780807495117
0.020558595657348633
0.04844331741333008
0.009919166564941406
0.01670241355895996
0.008706092834472656
0.008736133575439453
0.008122682571411133
0.013141870498657227
0.009200572967529297
0.009233951568603516
0.009810447692871094
0.009291887283325195
0.008378028869628906
0.008125066757202148
0.007846832275390625
0.008366107940673828
0.00727081298828125
0.03689265251159668
0.03310132026672363
0.012869834899902344
0.008584260940551758
0.008003950119018555
0.007609128952026367
0.007470130920410156
0.009862422943115234
0.007798910140991211
0.00816798210144043
0.007853269577026367
0.03612780570983887
0.019623756408691406
0.007965326309204102
0.008062601089477539
0.008861064910888672
0.015160322189331055
0.008320331573486328
0.008633613586425781
0.010312318801879883
0.008684635162353516
0.008449077606201172
0.007909297943115234
0.007148027420043945
0.007982492446899414
0.008549928665161133
0.008589744567871094
0.00876617431640625
0.008720159530639648
0.008324861526489258
0.008754491806030273
0.008634805679321289
0.008452892303466797
0.011388063430786133
0.009128332138061523
0.011710882186889648
0.013364076614379883
0.014276266098022461
0.00774836540222168
0.00815892219543457
0.012811422348022461
0.00879812240600586
0.00885915756225586
0.009617805480957031
0.007896900177001953
0.007379055023193359
0.007413148880004883
0.009732246398925781
0.007845878601074219
0.0073184967041015625
0.00730443000793457
0.03137516975402832
0.0161590576171875
0.007565975189208984
0.007771730422973633
0.007985115051269531
0.007744550704956055
0.014433145523071289
0.013725519180297852
0.01938796043395996
0.012922286987304688
0.015836477279663086
0.024838924407958984
0.03300833702087402
0.014078855514526367
0.010248899459838867
0.008576631546020508
0.008915424346923828
0.011358976364135742
0.021079063415527344
0.008212804794311523
0.008342742919921875
0.00853872299194336
0.018944501876831055
0.007884025573730469
0.017813682556152344
0.007257699966430664
0.0074961185455322266
0.007117748260498047
0.03220200538635254
0.02117156982421875
0.03271007537841797
0.025873184204101562
0.014423608779907227
0.013826608657836914
0.010096073150634766
0.009932279586791992
0.010459423065185547
0.028103351593017578
0.017628192901611328
0.014133214950561523
0.013913393020629883
0.013643741607666016
0.014028310775756836
0.014125347137451172
0.018262624740600586
0.010784626007080078
0.010119915008544922
0.008822441101074219
0.008788585662841797
0.009026288986206055
0.009408712387084961
0.01149296760559082
0.007402658462524414
0.007317066192626953
0.03087019920349121
0.03007364273071289
0.014023542404174805
0.010610580444335938
0.009094476699829102
0.008723735809326172
0.008805036544799805
0.009403705596923828
0.012064456939697266
0.009329557418823242
0.009240865707397461
0.03127551078796387
0.03907179832458496
0.01684093475341797
0.01221466064453125
0.01052403450012207
0.010550260543823242
0.008826971054077148
0.009139299392700195
0.009243011474609375
0.008784294128417969
0.00924539566040039
0.009176969528198242
0.008257150650024414
0.04512834548950195
0.03211236000061035
0.03181600570678711
0.02759718894958496
0.008732318878173828
0.009535551071166992
0.008392810821533203
0.009259223937988281
0.007725715637207031
0.009256601333618164
0.008376121520996094
0.010285615921020508
0.008412599563598633
0.009697675704956055
0.008503913879394531
0.007823944091796875
0.007415056228637695
0.006988048553466797
0.007077455520629883
0.00909280776977539
0.0077402591705322266
0.007752418518066406
0.0076329708099365234
0.007667064666748047
0.007687568664550781
0.0397191047668457
0.007649421691894531
0.007283210754394531
0.007294416427612305
0.007132530212402344
0.007445335388183594
0.04061317443847656
0.029625892639160156
0.025290489196777344
0.015326738357543945
0.014903545379638672
0.007509469985961914
0.007413387298583984
0.006833553314208984
0.007501125335693359
0.007372379302978516
0.007867574691772461
0.008211612701416016
0.010051965713500977
0.007958650588989258
0.007652997970581055
0.007497072219848633
0.007814884185791016
0.033060550689697266
0.02875065803527832
0.017720460891723633
0.016597270965576172
0.01409912109375
0.013659000396728516
0.011457204818725586
0.031894683837890625
0.02153468132019043
0.012560844421386719
0.010489940643310547
0.010234355926513672
0.009464740753173828
0.00995182991027832
0.009235620498657227
0.008741140365600586
0.008756399154663086
0.009353876113891602
0.014007091522216797
0.012383222579956055
0.01797771453857422
0.013552188873291016
0.011623144149780273
0.011911869049072266
0.011724710464477539
0.011507987976074219
0.014867544174194336
0.011590719223022461
0.011528253555297852
0.007285118103027344
0.0074350833892822266
0.007548332214355469
0.007943391799926758
0.00983285903930664
0.007197380065917969
0.007719993591308594
0.00708460807800293
0.007132768630981445
0.007550716400146484
0.041532039642333984
0.029270648956298828
0.02668929100036621
0.01413273811340332
0.014033794403076172
0.008630990982055664
0.0075800418853759766
0.006994485855102539
0.0073854923248291016
0.03054952621459961
0.036986589431762695
0.021762609481811523
0.01871037483215332
0.012349367141723633
0.015299320220947266
0.009761571884155273
0.008898496627807617
0.014766693115234375
0.0075647830963134766
0.0078067779541015625
0.00816202163696289
0.007685184478759766
0.007961273193359375
0.007817506790161133
0.007880449295043945
0.007790565490722656
0.00857400894165039
0.008430719375610352
0.0077304840087890625
0.010493040084838867
0.007960796356201172
0.00796818733215332
0.007944107055664062
0.008048772811889648
0.032319068908691406
0.029873132705688477
0.018051624298095703
0.01380157470703125
0.013858795166015625
0.01366281509399414
0.00830078125
0.009382009506225586
0.008051156997680664
0.007317781448364258
0.0070421695709228516
0.039641380310058594
0.027846336364746094
0.01770639419555664
0.013214588165283203
0.01138448715209961
0.011342048645019531
0.011381387710571289
0.01145172119140625
0.01133275032043457
0.011614322662353516
0.01096200942993164
0.011900901794433594
0.01148223876953125
0.011425018310546875
0.011381864547729492
0.011270761489868164
0.01572561264038086
0.011525392532348633
0.011576414108276367
0.011543035507202148
0.01120615005493164
0.011681556701660156
0.01149892807006836
0.01123046875
0.011291742324829102
0.011515378952026367
0.011539697647094727
0.015147924423217773
0.011502265930175781
0.011547088623046875
0.011414527893066406
0.011486530303955078
0.011366605758666992
0.011039018630981445
0.011354923248291016
0.01163482666015625
0.011356115341186523
0.011485576629638672
0.01131892204284668
0.011335134506225586
0.011638402938842773
0.012166976928710938
0.012235403060913086
0.01175689697265625
0.01152491569519043
0.011173009872436523
0.01120615005493164
0.011314630508422852
0.013324499130249023
0.009042024612426758
0.01661539077758789
0.01874852180480957
0.01182246208190918
0.010560989379882812
0.00853872299194336
0.022981882095336914
0.01806187629699707
0.012371540069580078
0.01002192497253418
0.009386777877807617
0.009593963623046875
0.009801149368286133
0.013340234756469727
0.00923776626586914
0.009933710098266602
0.009934425354003906
0.009417533874511719
0.008963584899902344
0.00935220718383789
0.012500286102294922
0.009441137313842773
0.009280920028686523
0.009313106536865234
0.00891733169555664
0.009453535079956055
0.008892059326171875
0.012098073959350586
0.009479761123657227
0.009593486785888672
0.009325027465820312
0.009331703186035156
0.009337663650512695
0.009446382522583008
0.012292623519897461
0.008903741836547852
0.03225541114807129
0.027649879455566406
0.012547731399536133
0.018515825271606445
0.019292831420898438
0.021498918533325195
0.04351949691772461
0.01876521110534668
0.012906551361083984
0.008351564407348633
0.00833749771118164
0.018548965454101562
0.008424520492553711
0.007859468460083008
0.007524251937866211
0.0077304840087890625
0.026673316955566406
0.010284662246704102
0.007796287536621094
0.008976936340332031
0.009165525436401367
0.009246349334716797
0.00919032096862793
0.009103536605834961
0.01197195053100586
0.007647991180419922
0.007299661636352539
0.007813692092895508
0.0078122615814208984
0.008481979370117188
0.009897708892822266
0.007946491241455078
0.00898885726928711
0.009042739868164062
0.008679628372192383
0.008011817932128906
0.008854150772094727
0.007791280746459961
0.017368316650390625
0.010748147964477539
0.017380714416503906
0.01767110824584961
0.007689952850341797
0.007490396499633789
0.0073850154876708984
0.0074100494384765625
0.020053863525390625
0.029068470001220703
0.038162946701049805
0.01469731330871582
0.011562824249267578
0.011797904968261719
0.008815526962280273
0.00753021240234375
0.009626626968383789
0.007476806640625
0.00739288330078125
0.007340669631958008
0.008796215057373047
0.007719755172729492
0.008376836776733398
0.00907754898071289
0.007661581039428711
0.007422685623168945
0.00899505615234375
0.0071070194244384766
0.007622480392456055
0.007295846939086914
0.009593009948730469
0.007375001907348633
0.007332324981689453
0.006854057312011719
0.006873130798339844
0.0074138641357421875
0.010336637496948242
0.01052713394165039
0.01138448715209961
0.01143336296081543
0.015713930130004883
0.012020349502563477
0.009482860565185547
0.010580301284790039
0.014244318008422852
0.009215831756591797
0.007738351821899414
0.00857853889465332
0.009006977081298828
0.015501737594604492
0.0073909759521484375
0.009850263595581055
0.007779121398925781
0.03338170051574707
0.007528066635131836
0.007803440093994141
0.007612466812133789
0.007925987243652344
0.007416725158691406
0.007471799850463867
0.00799107551574707
0.008140325546264648
0.007569789886474609
0.007542848587036133
0.00795125961303711
0.0333104133605957
0.028966188430786133
0.027411937713623047
0.0361785888671875
0.020615100860595703
0.007283687591552734
0.007521629333496094
0.006919384002685547
0.00850820541381836
0.009202957153320312
0.010105371475219727
0.010417938232421875
0.013833999633789062
0.011736154556274414
0.009365081787109375
0.014714717864990234
0.00910186767578125
0.0087127685546875
0.010176658630371094
0.011178016662597656
0.009519100189208984
0.01746821403503418
0.00862574577331543
0.007765293121337891
0.0072901248931884766
0.008038759231567383
0.009011507034301758
0.00996088981628418
0.015726089477539062
0.010982751846313477
0.01121973991394043
0.007957220077514648
0.007105112075805664
0.0074727535247802734
0.04646873474121094
0.034123897552490234
0.03282904624938965
0.027551889419555664
0.011542558670043945
0.009281635284423828
0.00749659538269043
0.007563591003417969
0.0076141357421875
0.008546113967895508
0.010302066802978516
0.008455991744995117
0.008258581161499023
0.008243799209594727
0.009109973907470703
0.00820016860961914
0.007742881774902344
0.01133275032043457
0.008537769317626953
0.008145332336425781
0.008476734161376953
0.007972002029418945
0.007877826690673828
0.01651287078857422
0.009642362594604492
0.007686614990234375
0.008594036102294922
0.008733749389648438
0.009611845016479492
0.01004171371459961
0.008597612380981445
0.020634174346923828
0.008469343185424805
0.00852203369140625
0.008171796798706055
0.007759571075439453
0.038449764251708984
0.007761478424072266
0.03458046913146973
0.012627601623535156
0.03661847114562988
0.014458894729614258
0.0122222900390625
0.010802507400512695
0.009335756301879883
0.011339426040649414
0.01939988136291504
0.011805534362792969
0.010780096054077148
0.010771512985229492
0.012517452239990234
0.009658336639404297
0.010849475860595703
0.009790182113647461
0.00790715217590332
0.007486104965209961
0.008276224136352539
0.0076410770416259766
0.007337331771850586
0.007921934127807617
0.009872913360595703
0.008095026016235352
0.007468223571777344
0.0074236392974853516
0.008337974548339844
0.008196115493774414
0.008331060409545898
0.008002758026123047
0.01026153564453125
0.008436918258666992
0.008206844329833984
0.03306174278259277
0.039246559143066406
0.01481175422668457
0.011045694351196289
0.010015010833740234
0.010077714920043945
0.008495092391967773
0.04429316520690918
0.015457868576049805
0.012433528900146484
0.007842063903808594
0.007414579391479492
0.04625725746154785
0.016626358032226562
0.012352466583251953
0.01055598258972168
0.011029958724975586
0.010859012603759766
0.010694503784179688
0.010797500610351562
0.01088261604309082
0.010495185852050781
0.010970830917358398
0.016747474670410156
0.017961740493774414
0.018939733505249023
0.018192768096923828
0.02540421485900879
0.018293142318725586
0.0090484619140625
0.007613182067871094
0.00790858268737793
0.007828235626220703
0.045269012451171875
0.03408694267272949
0.023787498474121094
0.013934612274169922
0.010153055191040039
0.009529829025268555
0.009652137756347656
0.009795665740966797
0.03493809700012207
0.017235279083251953
0.01174783706665039
0.010668754577636719
0.009607791900634766
0.04284834861755371
0.016902685165405273
0.013681888580322266
0.012303352355957031
0.012382268905639648
0.01784801483154297
0.017163753509521484
0.01822686195373535
0.023042917251586914
0.030748605728149414
0.020167827606201172
0.021251916885375977
0.013136625289916992
0.010755538940429688
0.01418304443359375
0.01074838638305664
0.010811328887939453
0.01053762435913086
0.010452747344970703
0.01074528694152832
0.01380610466003418
0.010628700256347656
0.010617971420288086
0.01059865951538086
0.010866165161132812
0.010720491409301758
0.013831138610839844
0.010760784149169922
0.008730649948120117
0.007567644119262695
0.00800180435180664
0.008475303649902344
0.010733842849731445
0.008312225341796875
0.007849454879760742
0.029971837997436523
0.029828310012817383
0.017353534698486328
0.01310586929321289
0.011743545532226562
0.012055397033691406
0.011947154998779297
0.011925458908081055
0.011634111404418945
0.011890649795532227
0.01188349723815918
0.011899471282958984
0.011690378189086914
0.012183666229248047
0.012388944625854492
0.012152671813964844
0.011084556579589844
0.01295328140258789
0.018784046173095703
0.017973661422729492
0.01834726333618164
0.01827692985534668
0.020463943481445312
0.013100147247314453
0.012562751770019531
0.012290716171264648
0.012699365615844727
0.011841058731079102
0.016020774841308594
0.012004375457763672
0.010639190673828125
0.007689952850341797
0.009673595428466797
0.009319067001342773
0.01206660270690918
0.00902104377746582
0.009096622467041016
0.009324073791503906
0.00939035415649414
0.009020566940307617
0.008614540100097656
0.009063005447387695
0.009883880615234375
0.009962320327758789
0.009035348892211914
0.009287357330322266
0.009507417678833008
0.008951663970947266
0.03460502624511719
0.02981257438659668
0.014840841293334961
0.014762163162231445
0.009611845016479492
0.009513139724731445
0.009627103805541992
0.03317570686340332
0.025827407836914062
0.014756441116333008
0.01471257209777832
0.014567852020263672
0.01542353630065918
0.018017292022705078
0.014383792877197266
0.014738082885742188
0.03561592102050781
0.019465208053588867
0.010503768920898438
0.01893901824951172
0.010915517807006836
0.02560901641845703
0.029085397720336914
0.029325008392333984
0.02004718780517578
0.010640144348144531
0.00827789306640625
0.009467363357543945
0.009006261825561523
0.008590936660766602
0.03512406349182129
0.029496192932128906
0.012123584747314453
0.010151386260986328
0.0088653564453125
0.022301435470581055
0.009147167205810547
0.009339094161987305
0.00975179672241211
0.014423847198486328
0.007982254028320312
0.007509946823120117
0.008475542068481445
0.007674217224121094
0.007901191711425781
0.010982275009155273
0.035813093185424805
0.04152870178222656
0.016719579696655273
0.014319419860839844
0.010341882705688477
0.009298324584960938
0.009565353393554688
0.009861230850219727
0.011371850967407227
0.009379863739013672
0.009329557418823242
0.009485721588134766
0.00938868522644043
0.009468555450439453
0.009578943252563477
0.009302616119384766
0.009150266647338867
0.00937199592590332
0.00917816162109375
0.012302637100219727
0.009325981140136719
0.011068344116210938
0.012716293334960938
0.012888669967651367
0.012232303619384766
0.012835264205932617
0.010587215423583984
0.009388208389282227
0.011164426803588867
0.009213447570800781
0.009853363037109375
0.008819580078125
0.010531425476074219
0.008533716201782227
0.009250879287719727
0.011327743530273438
0.011261224746704102
0.01047515869140625
0.007828235626220703
0.009684324264526367
0.007729053497314453
0.007843732833862305
0.0076181888580322266
0.007953643798828125
0.008545875549316406
0.00982356071472168
0.010166645050048828
0.010055303573608398
0.010307073593139648
0.010371208190917969
0.010244369506835938
0.010614156723022461
0.013473272323608398
0.010511159896850586
0.00791025161743164
0.007868528366088867
0.007606029510498047
0.007555484771728516
0.007756471633911133
0.007919549942016602
0.008029460906982422
0.008362531661987305
0.007833003997802734
0.007945775985717773
0.03315377235412598
0.03625369071960449
0.014394283294677734
0.010823726654052734
0.01029515266418457
0.010265350341796875
0.010157585144042969
0.010701179504394531
0.00999593734741211
0.010275125503540039
0.010035514831542969
0.01040196418762207
0.01035165786743164
0.010304689407348633
0.013257503509521484
0.010401010513305664
0.01760721206665039
0.03189659118652344
0.019392013549804688
0.01151585578918457
0.009401798248291016
0.008498430252075195
0.008375406265258789
0.033350229263305664
0.017733097076416016
0.012617826461791992
0.009768247604370117
0.009251832962036133
0.008315801620483398
0.04025530815124512
0.016218185424804688
0.014224767684936523
0.014089584350585938
0.014226913452148438
0.01873040199279785
0.013924360275268555
0.014209985733032227
0.014008760452270508
0.013761520385742188
0.017828702926635742
0.008785724639892578
0.009510040283203125
0.009738922119140625
0.009073495864868164
0.009148359298706055
0.009138345718383789
0.00901484489440918
0.00871729850769043
0.008834362030029297
0.034152984619140625
0.021841764450073242
0.016591787338256836
0.010524511337280273
0.009290456771850586
0.009183406829833984
0.03305411338806152
0.03693389892578125
0.014242887496948242
0.010490655899047852
0.009163856506347656
0.00845193862915039
0.007998466491699219
0.008426189422607422
0.010983705520629883
0.008971452713012695
0.008861780166625977
0.00874948501586914
0.028599262237548828
0.03788352012634277
0.01665329933166504
0.01331472396850586
0.013424873352050781
0.02695178985595703
0.016437292098999023
0.013727188110351562
0.01416325569152832
0.014028549194335938
0.018513917922973633
0.014286518096923828
0.014034748077392578
0.014183521270751953
0.014019966125488281
0.018408536911010742
0.013645410537719727
0.013625383377075195
0.014838933944702148
0.014063596725463867
0.013796091079711914
0.008122682571411133
0.007756948471069336
0.007769107818603516
0.007790327072143555
0.008100032806396484
0.007792234420776367
0.007879972457885742
0.008174896240234375
0.0076448917388916016
0.007888555526733398
0.008505821228027344
0.008573770523071289
0.007908344268798828
0.008452653884887695
0.007772922515869141
0.007858991622924805
0.008045434951782227
0.007906675338745117
0.007802248001098633
0.007878303527832031
0.007966041564941406
0.007834434509277344
0.007647037506103516
0.008337259292602539
0.007967233657836914
0.007901668548583984
0.007886886596679688
0.007898569107055664
0.007912874221801758
0.010253667831420898
0.008063316345214844
0.010934591293334961
0.01584792137145996
0.02246880531311035
0.044724225997924805
0.019028902053833008
0.015533685684204102
0.01528167724609375
0.021859169006347656
0.01515507698059082
0.014802694320678711
0.01419830322265625
0.01498270034790039
0.019673585891723633
0.01463174819946289
0.014410972595214844
0.014152050018310547
0.014488458633422852
0.013968944549560547
0.01431131362915039
0.014238834381103516
0.014169692993164062
0.014248847961425781
0.013178825378417969
0.007712125778198242
0.007690906524658203
0.007607936859130859
0.007372140884399414
0.04904913902282715
0.024701833724975586
0.01435399055480957
0.01266026496887207
0.010556221008300781
0.013742208480834961
0.013900041580200195
0.01720714569091797
0.012353658676147461
0.013640403747558594
0.019588470458984375
0.012912511825561523
0.012189865112304688
0.01423501968383789
0.012221574783325195
0.014383316040039062
0.011959314346313477
0.012078046798706055
0.011659622192382812
0.011783838272094727
0.011682748794555664
0.022673845291137695
0.020127534866333008
0.01903510093688965
0.018180370330810547
0.02980208396911621
0.01781439781188965
0.018505096435546875
0.019806385040283203
0.025847434997558594
0.01522374153137207
0.011219024658203125
0.01105642318725586
0.011477231979370117
0.011019706726074219
0.015276432037353516
0.010903358459472656
0.010956048965454102
0.011001110076904297
0.01118612289428711
0.01091766357421875
0.010622739791870117
0.011186599731445312
0.008346080780029297
0.02498173713684082
0.04356074333190918
0.019984722137451172
0.017423152923583984
0.021755695343017578
0.04317879676818848
0.03395962715148926
0.022377490997314453
0.014350175857543945
0.015114307403564453
0.010055065155029297
0.009855270385742188
0.009807109832763672
0.009773731231689453
0.009784460067749023
0.009478330612182617
0.009284019470214844
0.009495019912719727
0.00896310806274414
0.008887767791748047
0.013910531997680664
0.009374141693115234
0.012319087982177734
0.009608030319213867
0.009699821472167969
0.010123252868652344
0.03204941749572754
0.03269147872924805
0.017179012298583984
0.015812397003173828
0.012095928192138672
0.010627031326293945
0.014696359634399414
0.011885404586791992
0.012646913528442383
0.019211769104003906
0.018006086349487305
0.013523101806640625
0.012627840042114258
0.010439872741699219
0.017842531204223633
0.014983415603637695
0.014412164688110352
0.009176254272460938
0.007704257965087891
0.008612632751464844
0.008911609649658203
0.008148431777954102
0.008264541625976562
0.007925748825073242
0.011226892471313477
0.016783475875854492
0.015253543853759766
0.011982202529907227
0.014792442321777344
0.009563922882080078
0.00937962532043457
0.009637594223022461
0.019223690032958984
0.05076742172241211
0.02431178092956543
0.02290630340576172
0.0245511531829834
0.03598523139953613
0.014883279800415039
0.01145172119140625
0.011602401733398438
0.007689476013183594
0.00838923454284668
0.014966487884521484
0.008983612060546875
0.010879278182983398
0.008599281311035156
0.010327816009521484
0.008788347244262695
0.007948875427246094
0.008736610412597656
0.01083993911743164
0.0330204963684082
0.0425417423248291
0.008248567581176758
0.008548974990844727
0.008966684341430664
0.009067058563232422
0.008678436279296875
0.008381366729736328
0.011021137237548828
0.008354663848876953
0.008388280868530273
0.008404731750488281
0.008559226989746094
0.008482217788696289
0.008394002914428711
0.008335590362548828
0.0077571868896484375
0.0071413516998291016
0.0068552494049072266
0.008758306503295898
0.009167909622192383
0.009263277053833008
0.01197052001953125
0.008682727813720703
0.009042024612426758
0.00881195068359375
0.008971691131591797
0.008342266082763672
0.01081705093383789
0.014329195022583008
0.010005474090576172
0.008776426315307617
0.03381490707397461
0.04230451583862305
0.017899513244628906
0.014289617538452148
0.009272575378417969
0.009929895401000977
