1734730935.494253,0
1734730935.597250,0
1734730935.706944,0
1734730935.816920,0
1734730935.926867,0
1734730936.036866,0
1734730936.140295,0
1734730936.249813,0
1734730936.359836,0
1734730936.469689,0
1734730936.579549,0
1734730936.689463,0
1734730936.799285,0
1734730936.909265,0
1734730937.019114,0
1734730937.128917,0
1734730937.238832,0
1734730937.348891,0
1734730937.458888,0
1734730937.573583,0
1734730937.678502,0
1734730937.781786,0
1734730937.884814,0
1734730937.991738,0
1734730938.102433,0
1734730938.212429,0
1734730938.322339,0
1734730938.432401,0
1734730938.565682,0
1734730938.676319,0
1734730938.779068,0
1734730938.889035,0
1734730938.999034,0
1734730939.101984,0
1734730939.210576,0
1734730939.320469,0
1734730939.430856,0
1734730939.540936,0
1734730939.650948,0
1734730939.776055,0
1734730939.879426,0
1734730939.989027,0
1734730940.091906,0
1734730940.196328,0
1734730940.305999,0
1734730940.415940,0
1734730940.525935,0
1734730940.635889,0
1734730940.745816,0
1734730940.855610,0
1734730940.983105,0
1734730941.085986,0
1734730941.191447,0
1734730941.301380,0
1734730941.411367,0
1734730941.521020,0
1734730941.630855,0
1734730941.740855,0
1734730941.850918,0
1734730941.960910,0
1734730942.085631,0
1734730942.188818,0
1734730942.298509,0
1734730942.408684,0
1734730942.518446,0
1734730942.628367,0
1734730942.738401,0
1734730942.848912,0
1734730942.958880,0
1734730943.068954,0
1734730943.191267,0
1734730943.294785,0
1734730943.403707,0
1734730943.513634,0
1734730943.623480,0
1734730943.757852,0
1734730943.870435,0
1734730943.979426,0
1734730944.083794,0
1734730944.189079,0
1734730944.319371,0
1734730944.439432,0
1734730944.545619,0
1734730944.655432,0
1734730944.765599,0
1734730944.875674,0
1734730944.985548,0
1734730945.088438,0
1734730945.197971,0
1734730945.307714,0
1734730945.417708,0
1734730945.542415,0
1734730945.646015,0
1734730945.755111,0
1734730945.864864,0
1734730945.974937,0
1734730946.084855,0
1734730946.189231,0
1734730946.298641,0
1734730946.407991,0
1734730946.517190,0
1734730946.632300,0
1734730946.740487,0
1734730946.850135,0
1734730946.959794,0
1734730947.069247,0
1734730947.178263,0
1734730947.287678,0
1734730947.397379,0
1734730947.506453,0
1734730947.615717,0
1734730947.741786,0
1734730947.845684,0
1734730947.954808,0
1734730948.059116,0
1734730948.168067,0
1734730948.278815,0
1734730948.389138,0
1734730948.499638,0
1734730948.609257,0
1734730948.718644,0
1734730948.843619,0
1734730948.968183,0
1734730949.095958,0
1734730949.198875,0
1734730949.301991,0
1734730949.404720,0
1734730949.507810,0
1734730949.612142,0
1734730949.715277,0
1734730949.819298,0
1734730949.923098,0
1734730950.027328,0
1734730950.145824,0
1734730950.248314,0
1734730950.358197,0
1734730950.467721,0
1734730950.576840,0
1734730950.685774,0
1734730950.789926,0
1734730950.898973,0
1734730951.008737,0
1734730951.118898,0
1734730951.250420,0
1734730951.357582,0
1734730951.464224,0
1734730951.574105,0
1734730951.684301,0
1734730951.793592,0
1734730951.903563,0
1734730952.016743,0
1734730952.119970,0
1734730952.229256,0
1734730952.333685,0
1734730952.443045,0
1734730952.551003,0
1734730952.661288,0
1734730952.769955,0
1734730952.872801,0
1734730952.975868,0
1734730953.079757,0
1734730953.183336,0
1734730953.296284,0
1734730953.407106,0
1734730953.530829,0
1734730953.638747,0
1734730953.748674,0
1734730953.858683,0
1734730953.968888,0
1734730954.079989,0
1734730954.183779,0
1734730954.293330,0
1734730954.403410,0
1734730954.513400,0
1734730954.639277,0
1734730954.763749,0
1734730954.872380,0
1734730954.982371,0
1734730955.086856,0
1734730955.191581,0
1734730955.301509,0
1734730955.411790,0
1734730955.521790,0
1734730955.631694,0
1734730955.741179,0
1734730955.861704,0
1734730955.965420,0
1734730956.075329,0
1734730956.180657,0
1734730956.283057,0
1734730956.387067,0
1734730956.497395,0
1734730956.608033,0
1734730956.718062,0
1734730956.827897,0
1734730956.965061,0
1734730957.080961,0
1734730957.184019,0
1734730957.293968,0
1734730957.404708,0
1734730957.514554,0
1734730957.624701,0
1734730957.734918,0
1734730957.845934,0
1734730957.956936,0
1734730958.066879,0
1734730958.170434,0
1734730958.280141,0
1734730958.390244,0
1734730958.500758,0
1734730958.612044,0
1734730958.724603,0
1734730958.834396,0
1734730958.944608,0
1734730959.054482,0
1734730959.164999,0
1734730959.267150,0
1734730959.376727,0
1734730959.486932,0
1734730959.597687,0
1734730959.707699,0
1734730959.818630,0
1734730959.929013,0
1734730960.038927,0
1734730960.141964,0
1734730960.251860,0
1734730960.381483,0
1734730960.491433,0
1734730960.601531,0
1734730960.705869,0
1734730960.811180,0
1734730960.915079,0
1734730961.024862,0
1734730961.127556,0
1734730961.237071,0
1734730961.347433,0
1734730961.471227,0
1734730961.587795,0
1734730961.690522,0
1734730961.793396,0
1734730961.896227,0
1734730961.999667,0
1734730962.102075,0
1734730962.207676,0
1734730962.313934,0
1734730962.417058,0
1734730962.526721,0
1734730962.650768,0
1734730962.761964,0
1734730962.868237,0
1734730962.978606,0
1734730963.083159,0
1734730963.195251,0
1734730963.307680,0
1734730963.419717,0
1734730963.530005,0
1734730963.640156,0
1734730963.750283,0
1734730963.874594,0
1734730963.978264,0
1734730964.081911,0
1734730964.191589,0
1734730964.323406,0
1734730964.431973,0
1734730964.538448,0
1734730964.648305,0
1734730964.751621,0
1734730964.860985,0
1734730964.981846,0
1734730965.092369,0
1734730965.196195,0
1734730965.305851,0
1734730965.415787,0
1734730965.525664,0
1734730965.635593,0
1734730965.745569,0
1734730965.855452,0
1734730965.965664,0
1734730966.075715,0
1734730966.178517,0
1734730966.291672,0
1734730966.402508,0
1734730966.513074,0
1734730966.623134,0
1734730966.733301,0
1734730966.843324,0
1734730966.953622,0
1734730967.063876,0
1734730967.193361,0
1734730967.301521,0
1734730967.411637,0
1734730967.521458,0
1734730967.631266,0
1734730967.741124,0
1734730967.851026,0
1734730967.961110,0
1734730968.070973,0
1734730968.174217,0
1734730968.294711,0
1734730968.398659,0
1734730968.508497,0
1734730968.611682,0
1734730968.721605,0
1734730968.832474,0
1734730968.943285,0
1734730969.046197,0
1734730969.156484,0
1734730969.267328,0
1734730969.382339,0
1734730969.533051,0
1734730969.646991,0
1734730969.757110,0
1734730969.871156,0
1734730969.981420,0
1734730970.086382,0
1734730970.191441,0
1734730970.301094,0
1734730970.411177,0
1734730970.514080,0
1734730970.617549,0
1734730970.747465,0
1734730970.851112,0
1734730970.953782,0
1734730971.056156,0
1734730971.165525,0
1734730971.275316,0
1734730971.385165,0
1734730971.494992,0
1734730971.607694,0
1734730971.711233,0
1734730971.836747,0
1734730971.946922,0
1734730972.049989,0
1734730972.159618,0
1734730972.269689,0
1734730972.374165,0
1734730972.483882,0
1734730972.594527,0
1734730972.704523,0
1734730972.807978,0
1734730972.932069,0
1734730973.049125,0
1734730973.151712,0
1734730973.260091,0
1734730973.370067,0
1734730973.480285,0
1734730973.591144,0
1734730973.701438,0
1734730973.811533,0
1734730973.921737,0
1734730974.031776,0
1734730974.136117,0
1734730974.238726,0
1734730974.348704,0
1734730974.460216,0
1734730974.570473,0
1734730974.696243,0
1734730974.803308,0
1734730974.911072,0
1734730975.013934,0
1734730975.116359,0
1734730975.219074,0
1734730975.321826,0
1734730975.425600,0
1734730975.534384,0
1734730975.638187,0
1734730975.748153,0
1734730975.851173,0
1734730975.955130,0
1734730976.058106,0
1734730976.161189,0
1734730976.287692,0
1734730976.397500,0
1734730976.507554,0
1734730976.617257,0
1734730976.727239,0
1734730976.837123,0
1734730976.940479,0
1734730977.048513,0
1734730977.152430,0
1734730977.262445,0
1734730977.365134,0
1734730977.468727,0
1734730977.572354,0
1734730977.675197,0
1734730977.785075,0
1734730977.896172,0
1734730978.006544,0
1734730978.109190,0
1734730978.212485,0
1734730978.315016,0
1734730978.424609,0
1734730978.540471,0
1734730978.642796,0
1734730978.753936,0
1734730978.857318,0
1734730978.959831,0
1734730979.071642,0
1734730979.184322,0
1734730979.289150,0
1734730979.391952,0
1734730979.502337,0
1734730979.624405,0
1734730979.728125,0
1734730979.852225,0
1734730979.956079,0
1734730980.059438,0
1734730980.162271,0
1734730980.278832,0
1734730980.390192,0
1734730980.504366,0
1734730980.613883,0
1734730980.729661,0
1734730980.833203,0
1734730980.938731,0
1734730981.049088,0
1734730981.160537,0
1734730981.272658,0
1734730981.379147,0
1734730981.492357,0
1734730981.603374,0
1734730981.716600,0
1734730981.845021,0
1734730981.950585,0
1734730982.061301,0
1734730982.174445,0
1734730982.286461,0
1734730982.398335,0
1734730982.509247,0
1734730982.616145,0
1734730982.720167,0
1734730982.823999,0
1734730982.953605,0
1734730983.064483,0
1734730983.169093,0
1734730983.279003,0
1734730983.389079,0
1734730983.499212,0
1734730983.609146,0
1734730983.719121,0
1734730983.829021,0
1734730983.939311,0
1734730984.060655,0
1734730984.170902,0
1734730984.280820,0
1734730984.390597,0
1734730984.501461,0
1734730984.611513,0
1734730984.721450,0
1734730984.831439,0
1734730984.949936,0
1734730985.054151,0
1734730985.172976,0
1734730985.277426,0
1734730985.387406,0
1734730985.497503,0
1734730985.607551,0
1734730985.717651,0
1734730985.832260,0
1734730985.942706,0
1734730986.053565,0
1734730986.157188,0
1734730986.285739,0
1734730986.410090,0
1734730986.520659,0
1734730986.630936,0
1734730986.734603,0
1734730986.838152,0
1734730986.948988,0
1734730987.059942,0
1734730987.174546,0
1734730987.285856,0
1734730987.389050,0
1734730987.491946,0
1734730987.601949,0
1734730987.713918,0
1734730987.817081,0
1734730987.925819,0
1734730988.038583,0
1734730988.142127,0
1734730988.251823,0
1734730988.361926,0
1734730988.472129,0
1734730988.596568,0
1734730988.706580,0
1734730988.816578,0
1734730988.926361,0
1734730989.030899,0
1734730989.141237,0
1734730989.253415,0
1734730989.356853,0
1734730989.466655,0
1734730989.576517,0
1734730989.710014,0
1734730989.813126,0
1734730989.917855,0
1734730990.030402,0
1734730990.133491,0
1734730990.239288,0
1734730990.349032,0
1734730990.458724,0
1734730990.568619,0
1734730990.678432,0
1734730990.788384,0
1734730990.918995,0
1734730991.023064,0
1734730991.126028,0
1734730991.235693,0
1734730991.346161,0
1734730991.456079,0
1734730991.565974,0
1734730991.675559,0
1734730991.785496,0
1734730991.889067,0
1734730992.006440,0
1734730992.108981,0
1734730992.211902,0
1734730992.322720,0
1734730992.433079,0
1734730992.543475,0
1734730992.647243,0
1734730992.750866,0
1734730992.860541,0
1734730992.970503,0
1734730993.086379,0
1734730993.195602,0
1734730993.298468,0
1734730993.408496,0
1734730993.511663,0
1734730993.614573,0
1734730993.724421,0
1734730993.834740,0
1734730993.945200,0
1734730994.048435,0
1734730994.180758,0
1734730994.283720,0
1734730994.389711,0
1734730994.492499,0
1734730994.595158,0
1734730994.701390,0
1734730994.804146,0
1734730994.907855,0
1734730995.010556,0
1734730995.112992,0
1734730995.221864,0
1734730995.343195,0
1734730995.452940,0
1734730995.563262,0
1734730995.673102,0
1734730995.784471,0
1734730995.894470,0
1734730996.004597,0
1734730996.114794,0
1734730996.224605,0
1734730996.334508,0
1734730996.455411,0
1734730996.558935,0
1734730996.668582,0
1734730996.778855,0
1734730996.888610,0
1734730996.998644,0
1734730997.101485,0
1734730997.206579,0
1734730997.316396,0
1734730997.426205,0
1734730997.536874,0
1734730997.669768,0
1734730997.773444,0
1734730997.882901,0
1734730997.992726,0
1734730998.095568,0
1734730998.201398,0
1734730998.311424,0
1734730998.421111,0
1734730998.531521,0
1734730998.641599,0
1734730998.775019,0
1734730998.878586,0
1734730998.988080,0
1734730999.092007,0
1734730999.197073,0
1734730999.306728,0
1734730999.417694,0
1734730999.521016,0
1734730999.625136,0
1734730999.737140,0
1734730999.848574,0
1734730999.959545,0
1734731000.065459,0
1734731000.169165,0
1734731000.301682,0
1734731000.411327,0
1734731000.521481,0
1734731000.631444,0
1734731000.741185,0
1734731000.851122,0
1734731000.961546,0
1734731001.099132,0
1734731001.202824,0
1734731001.312857,0
1734731001.423130,0
1734731001.533831,0
1734731001.644118,0
1734731001.754297,0
1734731001.864719,0
1734731001.975471,0
1734731002.085141,0
1734731002.191090,0
1734731002.301013,0
1734731002.411290,0
1734731002.521460,0
1734731002.634715,0
1734731002.748146,0
1734731002.858224,0
1734731002.968134,0
1734731003.078176,0
1734731003.183167,0
1734731003.304166,0
1734731003.408958,0
1734731003.521636,0
1734731003.634991,0
1734731003.745404,0
1734731003.855648,0
1734731003.966042,0
1734731004.076267,0
1734731004.180635,0
1734731004.290516,0
1734731004.413149,0
1734731004.516833,0
1734731004.626344,0
1734731004.736758,0
1734731004.846635,0
1734731004.956593,0
1734731005.067445,0
1734731005.171139,0
1734731005.274025,0
1734731005.393072,0
1734731005.495745,0
1734731005.598676,0
1734731005.701465,0
1734731005.805428,0
1734731005.915265,0
1734731006.025449,0
1734731006.128661,0
1734731006.238487,0
1734731006.349185,0
1734731006.459696,0
1734731006.586673,0
1734731006.707164,0
1734731006.811159,0
1734731006.921103,0
1734731007.032205,0
1734731007.135590,0
1734731007.245309,0
1734731007.355368,0
1734731007.465839,0
1734731007.576225,0
1734731007.686916,0
1734731007.811090,0
1734731007.914156,0
1734731008.024644,0
1734731008.128181,0
1734731008.238027,0
1734731008.348115,0
1734731008.458655,0
1734731008.570091,0
1734731008.680384,0
1734731008.791544,0
1734731008.902248,0
1734731009.028186,0
1734731009.137923,0
1734731009.248184,0
1734731009.359261,0
1734731009.469809,0
1734731009.580467,0
1734731009.691308,0
1734731009.801846,0
1734731009.912480,0
1734731010.023570,0
1734731010.137752,0
1734731010.246244,0
1734731010.356373,0
1734731010.491506,0
1734731010.601572,0
1734731010.711707,0
1734731010.822319,0
1734731010.932631,0
1734731011.043200,0
1734731011.161414,0
1734731011.266177,0
1734731011.376035,0
1734731011.486204,0
1734731011.596177,0
1734731011.706277,0
1734731011.816395,0
1734731011.926393,0
1734731012.036794,0
1734731012.140245,0
1734731012.257507,0
1734731012.378830,0
1734731012.484160,0
1734731012.594933,0
1734731012.707971,0
1734731012.818737,0
1734731012.928556,0
1734731013.039774,0
1734731013.143485,0
1734731013.254124,0
1734731013.364037,0
1734731013.504361,0
1734731013.614285,0
1734731013.724313,0
1734731013.834531,0
1734731013.938580,0
1734731014.048191,0
1734731014.160249,0
1734731014.273517,0
1734731014.384039,0
1734731014.494007,0
1734731014.617256,0
1734731014.726848,0
1734731014.836591,0
1734731014.946881,0
1734731015.056948,0
1734731015.166752,0
1734731015.276908,0
1734731015.386806,0
1734731015.496753,0
1734731015.624344,0
1734731015.733595,0
1734731015.843257,0
1734731015.954055,0
1734731016.064541,0
1734731016.174929,0
1734731016.285003,0
1734731016.394968,0
1734731016.505594,0
1734731016.615499,0
1734731016.725273,0
1734731016.858879,0
1734731016.962388,0
1734731017.072045,0
1734731017.176808,0
1734731017.288249,0
1734731017.398669,0
1734731017.508879,0
1734731017.619818,0
1734731017.730007,0
1734731017.839940,0
1734731017.973517,0
1734731018.085081,0
1734731018.195237,0
1734731018.305684,0
1734731018.420806,0
1734731018.531146,0
1734731018.641162,0
1734731018.751248,0
1734731018.861516,0
1734731018.971435,0
1734731019.081860,0
1734731019.186294,0
1734731019.296351,0
1734731019.406657,0
1734731019.517152,0
1734731019.627603,0
1734731019.737629,0
1734731019.849671,0
1734731019.960432,0
1734731020.072223,0
1734731020.199238,0
1734731020.306471,0
1734731020.410034,0
1734731020.519646,0
1734731020.629765,0
1734731020.739949,0
1734731020.874149,0
1734731020.977671,0
1734731021.085418,0
1734731021.189538,0
1734731021.299226,0
1734731021.421370,0
1734731021.524965,0
1734731021.634669,0
1734731021.744848,0
1734731021.855611,0
1734731021.966246,0
1734731022.080203,0
1734731022.183928,0
1734731022.287467,0
1734731022.397507,0
1734731022.520751,0
1734731022.631060,0
1734731022.734177,0
1734731022.845245,0
1734731022.955348,0
1734731023.065304,0
1734731023.175596,0
1734731023.287616,0
1734731023.399380,0
1734731023.509541,0
1734731023.620595,0
1734731023.752959,0
1734731023.856415,0
1734731023.968114,0
1734731024.081030,0
1734731024.192634,0
1734731024.304567,0
1734731024.415437,0
1734731024.525640,0
1734731024.635575,0
1734731024.746039,0
1734731024.881167,0
1734731024.984673,0
1734731025.088502,0
1734731025.198966,0
1734731025.308937,0
1734731025.419458,0
1734731025.529387,0
1734731025.640055,0
1734731025.753695,0
1734731025.866966,0
1734731025.995355,0
1734731026.101494,0
1734731026.203924,0
1734731026.311788,0
1734731026.421996,0
1734731026.532134,0
1734731026.642469,0
1734731026.753236,0
1734731026.863374,0
1734731026.974415,0
1734731027.083691,0
1734731027.216655,0
1734731027.320977,0
1734731027.431579,0
1734731027.541524,0
1734731027.651350,0
1734731027.761437,0
1734731027.871295,0
1734731027.981617,0
1734731028.087399,0
1734731028.197080,0
1734731028.323279,0
1734731028.447844,0
1734731028.554845,0
1734731028.666624,0
1734731028.776842,0
1734731028.887175,0
1734731028.997536,0
1734731029.100800,0
1734731029.204792,0
1734731029.308584,0
1734731029.418146,0
1734731029.547743,0
1734731029.651081,0
1734731029.760008,0
1734731029.870718,0
1734731029.980701,0
1734731030.086266,0
1734731030.195530,0
1734731030.306021,0
1734731030.416533,0
1734731030.526242,0
1734731030.641559,0
1734731030.763924,0
1734731030.873495,0
1734731030.983479,0
1734731031.088148,0
