0.1507246494293213
0.06489849090576172
0.18948674201965332
0.05836057662963867
0.13748931884765625
0.15760350227355957
0.1677227020263672
0.16018247604370117
0.16829228401184082
0.16234874725341797
0.12162971496582031
0.10813760757446289
0.1208493709564209
0.15924692153930664
0.14846253395080566
0.1572740077972412
0.1577599048614502
0.16134142875671387
0.1579439640045166
0.15129518508911133
0.15618395805358887
0.14918136596679688
0.07127523422241211
0.15504097938537598
0.15103816986083984
0.15314984321594238
0.15590238571166992
0.12366747856140137
0.15290546417236328
0.0893244743347168
0.1495354175567627
0.06853103637695312
0.05510306358337402
0.1571943759918213
0.07134246826171875
0.054320573806762695
0.1618213653564453
0.07788848876953125
0.16266703605651855
0.1612253189086914
0.16298627853393555
0.1559605598449707
0.14306998252868652
0.11945557594299316
0.04743313789367676
0.15154671669006348
0.15206480026245117
0.15759682655334473
0.15338611602783203
0.15440082550048828
0.12746310234069824
0.1571366786956787
0.16187357902526855
0.15619564056396484
0.0631401538848877
0.10590791702270508
0.1527705192565918
0.15457630157470703
0.14644646644592285
0.06395101547241211
0.17226839065551758
0.17470812797546387
0.18700790405273438
0.07224130630493164
0.1678760051727295
0.1686995029449463
0.16477322578430176
0.1721181869506836
0.1619410514831543
0.16905617713928223
0.16224288940429688
0.14627575874328613
0.16024041175842285
0.16534900665283203
0.09258365631103516
0.05291271209716797
0.05617666244506836
0.13600587844848633
0.16695475578308105
0.09879612922668457
0.06377553939819336
0.15694355964660645
0.08966350555419922
0.057497262954711914
0.149155855178833
0.16321206092834473
0.07421326637268066
0.14380621910095215
0.15673351287841797
0.15622353553771973
0.17511534690856934
0.156036376953125
0.11808109283447266
0.09784555435180664
0.07469844818115234
0.15996956825256348
0.1565074920654297
0.16717267036437988
0.1588890552520752
0.16838550567626953
0.1679847240447998
0.14833903312683105
0.0533757209777832
0.08944845199584961
0.16682028770446777
0.1613922119140625
0.16142654418945312
0.12662792205810547
0.15960955619812012
0.16106367111206055
0.1604020595550537
0.16808676719665527
0.14764189720153809
0.15921497344970703
0.15950417518615723
0.05068087577819824
0.15764451026916504
0.14523601531982422
0.141465425491333
0.05938887596130371
0.16585445404052734
0.1588282585144043
0.1578984260559082
0.14905929565429688
0.16359376907348633
0.16520166397094727
0.1515519618988037
0.13048624992370605
0.1662757396697998
0.1556386947631836
0.16200017929077148
0.1693251132965088
0.17792940139770508
