0.03407907485961914
0.026177406311035156
0.040692806243896484
0.03555631637573242
0.044420719146728516
0.028884172439575195
0.0286862850189209
0.012267112731933594
0.03552722930908203
0.03452277183532715
0.028380870819091797
0.028604745864868164
0.026765108108520508
0.03052806854248047
0.02692127227783203
0.043701171875
0.02871417999267578
0.030324935913085938
0.03898978233337402
0.03128838539123535
0.02909088134765625
0.028133153915405273
0.023332834243774414
0.03208780288696289
0.03524041175842285
0.03049468994140625
0.028087139129638672
0.03439760208129883
0.035372018814086914
0.027356624603271484
0.02820301055908203
0.03391671180725098
0.028411865234375
0.029639005661010742
0.0382084846496582
0.03204059600830078
0.036460161209106445
0.030320405960083008
0.03031325340270996
0.02637648582458496
0.02976393699645996
0.009256601333618164
0.029471158981323242
0.03976559638977051
0.035903215408325195
0.031459808349609375
0.03502297401428223
0.03873729705810547
0.0296022891998291
0.028755664825439453
0.03512001037597656
0.027704715728759766
0.025229215621948242
0.037926435470581055
0.02939128875732422
0.03407597541809082
0.027641773223876953
0.025889873504638672
0.025870800018310547
0.0326995849609375
0.029874801635742188
0.03658795356750488
0.03245973587036133
0.02915787696838379
0.028763294219970703
0.0071201324462890625
0.02715754508972168
0.03264331817626953
0.02976369857788086
0.028466463088989258
0.03557610511779785
0.03740072250366211
0.008915185928344727
0.02931356430053711
0.030277490615844727
0.028006315231323242
0.02581477165222168
0.02821969985961914
0.02705836296081543
0.028598308563232422
0.030730724334716797
0.02920365333557129
0.03180670738220215
0.028911352157592773
0.029417991638183594
0.027451753616333008
0.031488656997680664
0.029043912887573242
0.02810525894165039
0.02863168716430664
0.027105093002319336
0.029296875
0.012334108352661133
0.028080463409423828
0.029175758361816406
0.03467559814453125
0.026923418045043945
0.03980445861816406
0.028519868850708008
0.029564857482910156
0.01157069206237793
0.012222528457641602
0.028945207595825195
0.0071735382080078125
0.039750099182128906
0.03877615928649902
0.007965564727783203
0.0286104679107666
0.029427766799926758
0.027127742767333984
0.028238296508789062
0.02861189842224121
0.028129100799560547
0.028658151626586914
0.028140783309936523
0.02915024757385254
0.029376506805419922
0.03876948356628418
0.026943206787109375
0.02963399887084961
0.0075876712799072266
0.013095617294311523
0.036138296127319336
0.0384373664855957
0.0371706485748291
0.027988433837890625
0.037888288497924805
0.04016613960266113
0.036243438720703125
0.038362979888916016
0.028872013092041016
0.03967547416687012
0.029204130172729492
0.029731035232543945
0.02651834487915039
0.03775811195373535
0.038129329681396484
0.028706789016723633
0.008364200592041016
0.02842235565185547
0.027368545532226562
0.02963709831237793
0.03766155242919922
0.029486656188964844
0.046128273010253906
0.026627540588378906
0.04051709175109863
0.027469635009765625
0.03764486312866211
0.0304563045501709
0.026662349700927734
0.029209613800048828
0.02735733985900879
0.02758193016052246
0.02911067008972168
0.028444528579711914
0.02901601791381836
0.02475571632385254
0.03579235076904297
0.030333280563354492
