0.16942739486694336
0.15959787368774414
0.1483604907989502
0.10705447196960449
0.1527547836303711
0.14798879623413086
0.05741381645202637
0.15391993522644043
0.11807966232299805
0.14897894859313965
0.15438318252563477
0.06369400024414062
0.14261984825134277
0.15073013305664062
0.15187668800354004
0.14879536628723145
0.14699363708496094
0.15910744667053223
0.15369105339050293
0.16138958930969238
0.15800952911376953
0.15442323684692383
0.16301798820495605
0.1516587734222412
0.16463804244995117
0.07287764549255371
0.16098475456237793
0.15636014938354492
0.0708770751953125
0.0711371898651123
0.1521000862121582
0.15339136123657227
0.07265591621398926
0.1422901153564453
0.11159420013427734
0.1486208438873291
0.049848318099975586
0.160322904586792
0.14819693565368652
0.15381288528442383
0.1190035343170166
0.12332463264465332
0.15061020851135254
0.15340662002563477
0.1508500576019287
0.14941644668579102
0.1323082447052002
0.1520824432373047
0.06850934028625488
0.1480247974395752
0.12177753448486328
0.14422249794006348
0.14738798141479492
0.15251731872558594
0.15549302101135254
0.14813947677612305
0.14809489250183105
0.13527703285217285
0.14072227478027344
0.14433574676513672
0.1460564136505127
0.15265750885009766
0.07715344429016113
0.1589832305908203
0.08335351943969727
0.1508803367614746
0.05563020706176758
0.15350604057312012
0.13804244995117188
0.15302562713623047
0.14933538436889648
0.14912009239196777
0.05597329139709473
0.15134692192077637
0.1537160873413086
0.05891299247741699
0.07448291778564453
0.14890027046203613
0.12360048294067383
0.15590929985046387
0.1528911590576172
0.060221195220947266
0.0669255256652832
0.15905547142028809
0.1699237823486328
0.15230917930603027
0.13237810134887695
0.17076659202575684
0.21065640449523926
0.162186861038208
0.0674285888671875
0.16738605499267578
0.16645050048828125
0.16136479377746582
0.16638398170471191
0.1016230583190918
0.15201163291931152
0.04644417762756348
0.1461162567138672
0.10604405403137207
0.08630704879760742
0.14538812637329102
0.13956904411315918
0.06875729560852051
0.05948638916015625
0.08987569808959961
0.09077835083007812
0.1713728904724121
0.15604257583618164
0.15789175033569336
0.10873627662658691
0.1540689468383789
0.15227842330932617
0.14453744888305664
0.14847230911254883
0.15283870697021484
0.14957046508789062
0.1514112949371338
0.15234112739562988
0.14792537689208984
0.058222293853759766
0.1522541046142578
0.16778898239135742
0.14450883865356445
0.1352696418762207
0.15574169158935547
0.14580750465393066
0.15298175811767578
0.15772414207458496
0.15024900436401367
0.05306077003479004
0.1493363380432129
0.16109061241149902
0.15955853462219238
0.15822386741638184
