0.010231733322143555
0.013950109481811523
0.03972363471984863
0.038864850997924805
0.0076787471771240234
0.04162120819091797
0.010335683822631836
0.008538007736206055
0.01248788833618164
0.0342564582824707
0.02938556671142578
0.038208961486816406
0.029407024383544922
0.04184246063232422
0.00686335563659668
0.031728267669677734
0.03298449516296387
0.029974937438964844
0.029358625411987305
0.04179811477661133
0.030811309814453125
0.03366708755493164
0.040816307067871094
0.014149188995361328
0.01159214973449707
0.03258228302001953
0.02728104591369629
0.031031131744384766
0.028090476989746094
0.028603076934814453
0.028229713439941406
0.02829766273498535
0.03753781318664551
0.03685712814331055
0.02703857421875
0.04012799263000488
0.02635025978088379
0.029297351837158203
0.031435251235961914
0.03685450553894043
0.035514116287231445
0.037688255310058594
0.026921987533569336
0.03249955177307129
0.026560544967651367
0.03600788116455078
0.04049944877624512
0.029726266860961914
0.0313725471496582
0.012034177780151367
0.030935287475585938
0.03739309310913086
0.029029130935668945
0.03268003463745117
0.02710103988647461
0.0394747257232666
0.032508134841918945
0.0254976749420166
0.03499007225036621
0.027022838592529297
0.03196215629577637
0.03601336479187012
0.029623985290527344
0.041338205337524414
0.02666473388671875
0.03823256492614746
0.020702123641967773
0.03345060348510742
0.026884078979492188
0.012856483459472656
0.029434680938720703
0.03779911994934082
0.026953697204589844
0.028904199600219727
0.02910470962524414
0.028506040573120117
0.01717209815979004
0.029593467712402344
0.028104066848754883
0.014400720596313477
0.02823042869567871
0.02097034454345703
0.026861190795898438
0.03111124038696289
0.008835792541503906
0.028448104858398438
0.025063276290893555
0.027233600616455078
0.043364763259887695
0.03648018836975098
0.036765098571777344
0.0296628475189209
0.03814578056335449
0.02956366539001465
0.02811264991760254
0.010802745819091797
0.027324199676513672
0.012751340866088867
0.03165793418884277
0.03103780746459961
0.03745079040527344
0.028336524963378906
0.026921510696411133
0.026823043823242188
0.010202169418334961
0.029465436935424805
0.038630008697509766
0.030053138732910156
0.0316770076751709
0.03570961952209473
0.02854013442993164
0.027876615524291992
0.02808547019958496
0.027040958404541016
0.03136706352233887
0.03431129455566406
0.029611587524414062
0.029352426528930664
0.03878426551818848
0.029465198516845703
0.026877164840698242
0.033162832260131836
0.03133082389831543
0.03501486778259277
0.028272628784179688
0.011162996292114258
0.031122207641601562
0.011811971664428711
0.031609296798706055
0.029175519943237305
0.0311126708984375
0.037926435470581055
0.03877735137939453
0.027685880661010742
0.02837681770324707
0.03326916694641113
0.03101801872253418
0.028860092163085938
0.026787757873535156
0.027991533279418945
0.028453588485717773
0.028765201568603516
0.016245126724243164
0.03851962089538574
0.027563810348510742
0.02733898162841797
0.03791975975036621
0.030904769897460938
0.02907109260559082
0.02784252166748047
0.0307919979095459
0.028278827667236328
0.029439449310302734
0.027828216552734375
0.009687662124633789
0.027282238006591797
0.03207111358642578
0.027245044708251953
0.03185915946960449
0.029757261276245117
