0.012947559356689453
0.008394479751586914
0.009799480438232422
0.012015581130981445
0.021349191665649414
0.01966571807861328
0.01754593849182129
0.018009424209594727
0.018073081970214844
0.030423402786254883
0.015001058578491211
0.01657247543334961
0.013725757598876953
0.015602350234985352
0.02247309684753418
0.014458894729614258
0.014824628829956055
0.01622939109802246
0.01713848114013672
0.018790721893310547
0.015160083770751953
0.014405012130737305
0.015134096145629883
0.01866602897644043
0.007403850555419922
0.006758928298950195
0.023822546005249023
0.007425785064697266
0.009363174438476562
0.007699012756347656
0.007456541061401367
0.0068204402923583984
0.008685827255249023
0.007007122039794922
0.007561922073364258
0.008160829544067383
0.04538464546203613
0.033209800720214844
0.039206504821777344
0.024851322174072266
0.00918436050415039
0.006991863250732422
0.006537675857543945
0.007152557373046875
0.0066792964935302734
0.01043844223022461
0.007447004318237305
0.01019597053527832
0.008728504180908203
0.008102655410766602
0.008128643035888672
0.0066297054290771484
0.006306886672973633
0.008107662200927734
0.007315158843994141
0.029256582260131836
0.0314021110534668
0.03218650817871094
0.018040895462036133
0.015800952911376953
0.01937556266784668
0.020188093185424805
0.019459009170532227
0.015834808349609375
0.015781402587890625
0.016480207443237305
0.0278012752532959
0.01546931266784668
0.03022289276123047
0.02385401725769043
0.017429113388061523
0.015550851821899414
0.01920294761657715
0.015209436416625977
0.01718425750732422
0.01744389533996582
0.02813553810119629
0.02305006980895996
0.026547908782958984
0.017826318740844727
0.00881052017211914
0.006929636001586914
0.007177591323852539
0.011359691619873047
0.007257699966430664
0.02238178253173828
0.008925199508666992
0.007487773895263672
0.007606029510498047
0.009594440460205078
0.007938623428344727
0.007385730743408203
0.007226705551147461
0.009360551834106445
0.007288455963134766
0.02599358558654785
0.009994268417358398
0.006704807281494141
0.03909444808959961
0.027832746505737305
0.011847734451293945
0.0288848876953125
0.02170109748840332
0.010753393173217773
0.010235309600830078
0.0077114105224609375
0.00725102424621582
0.007494449615478516
0.007277727127075195
0.007365226745605469
0.009826898574829102
0.007465362548828125
0.02893662452697754
0.029719829559326172
0.023787498474121094
0.012975215911865234
0.011558294296264648
0.010998249053955078
0.011416912078857422
0.011620044708251953
0.015350818634033203
0.011535406112670898
0.011388778686523438
0.011024236679077148
0.010469436645507812
0.012048959732055664
0.0120391845703125
0.027885913848876953
0.014892339706420898
0.007268190383911133
0.006737470626831055
0.03980255126953125
0.02834773063659668
0.02623605728149414
0.014575958251953125
0.011235952377319336
0.009814739227294922
0.00707554817199707
0.0064868927001953125
0.007523059844970703
0.007850885391235352
0.00813913345336914
0.007495880126953125
0.016026020050048828
0.0074863433837890625
0.00769495964050293
0.007362842559814453
0.007189750671386719
0.009867429733276367
0.032059431076049805
0.029262065887451172
0.023339271545410156
0.012649297714233398
0.009608268737792969
0.008197784423828125
0.008540153503417969
0.02846693992614746
0.007797956466674805
0.008083820343017578
0.008306741714477539
0.009616613388061523
0.0075147151947021484
0.0077626705169677734
0.007313251495361328
0.009603500366210938
0.007216215133666992
0.028478384017944336
0.028455257415771484
0.032250404357910156
0.010638952255249023
0.007371187210083008
0.03073287010192871
0.05091738700866699
0.01697850227355957
0.010791778564453125
0.008019685745239258
0.016211271286010742
0.028853654861450195
0.028856515884399414
0.02250051498413086
0.021892070770263672
0.013282299041748047
0.009303569793701172
0.007318973541259766
0.008199691772460938
0.009222269058227539
0.017350435256958008
0.012467622756958008
0.011886358261108398
0.012915372848510742
0.03273129463195801
0.031177043914794922
0.022151470184326172
0.020500898361206055
0.0200955867767334
0.010879278182983398
0.009383201599121094
0.010188102722167969
0.010474443435668945
0.01009368896484375
0.010219573974609375
0.009578704833984375
0.009560346603393555
0.01036524772644043
0.01045989990234375
0.010122299194335938
0.009668827056884766
0.010462284088134766
0.009958982467651367
0.010332584381103516
0.030193567276000977
0.04128241539001465
0.02211594581604004
0.009320497512817383
0.02593398094177246
0.015726804733276367
0.01227259635925293
0.0070803165435791016
0.00730586051940918
0.007309436798095703
0.00750732421875
0.049356937408447266
0.032906532287597656
0.017204999923706055
0.012850284576416016
0.009789228439331055
0.008063077926635742
0.007760763168334961
0.0074923038482666016
0.008391380310058594
0.006721019744873047
0.03988194465637207
0.029979228973388672
0.021240234375
0.022281885147094727
0.015812158584594727
0.013624429702758789
0.013740062713623047
0.01351785659790039
0.018744707107543945
0.013921022415161133
0.03447699546813965
0.03853106498718262
0.016433238983154297
0.016493797302246094
0.0164487361907959
0.015533685684204102
0.022252798080444336
0.014572381973266602
0.012211799621582031
0.011415958404541016
0.0116119384765625
0.011591434478759766
0.015334367752075195
0.012025594711303711
0.012340068817138672
0.014720916748046875
0.01044321060180664
0.00923466682434082
0.018222570419311523
0.007529258728027344
0.0076770782470703125
0.02894449234008789
0.04027056694030762
0.027445077896118164
0.028435230255126953
0.021988630294799805
0.011911630630493164
0.011107921600341797
0.00828409194946289
0.006587505340576172
0.029968976974487305
0.038101911544799805
0.03030252456665039
0.026567935943603516
0.014951467514038086
0.0263063907623291
0.010376691818237305
0.012680530548095703
0.01442408561706543
0.01150965690612793
0.03877067565917969
0.017539024353027344
0.01793384552001953
0.017320632934570312
0.019206762313842773
0.01344609260559082
0.012068033218383789
0.009049415588378906
0.008570432662963867
0.008304119110107422
0.008424043655395508
0.011254310607910156
0.008634328842163086
0.008348703384399414
0.00885319709777832
0.00850987434387207
0.008506059646606445
0.008424758911132812
0.008838891983032227
0.008051156997680664
0.008428335189819336
0.008341312408447266
0.008482694625854492
0.007889986038208008
0.008400440216064453
0.039737701416015625
0.030138015747070312
0.018985509872436523
0.014607429504394531
0.020032405853271484
0.012172698974609375
0.010268688201904297
0.009190797805786133
0.009153604507446289
0.0092010498046875
0.009116888046264648
0.009001016616821289
0.010161638259887695
0.0076885223388671875
0.03358101844787598
0.04317069053649902
0.020323514938354492
0.014578580856323242
0.014326810836791992
0.014348506927490234
0.013934850692749023
0.014278650283813477
0.014013290405273438
0.014276981353759766
0.018836498260498047
0.01404714584350586
0.030252456665039062
0.02908778190612793
0.019026994705200195
0.013502359390258789
0.013140439987182617
0.013452291488647461
0.01761341094970703
0.013433694839477539
0.013452768325805664
0.013424396514892578
0.03158712387084961
0.022034645080566406
0.013347148895263672
0.028481006622314453
0.027611494064331055
0.015650033950805664
0.013237476348876953
0.011464595794677734
0.011814594268798828
0.011593103408813477
0.013963937759399414
0.011858701705932617
0.011421442031860352
0.011633634567260742
0.011482715606689453
0.011406183242797852
0.015598773956298828
0.011807441711425781
0.008426904678344727
0.007500886917114258
0.029128551483154297
0.03789329528808594
0.029509305953979492
0.02655196189880371
0.014374256134033203
0.012665748596191406
0.008585214614868164
0.007684469223022461
0.00732874870300293
0.023880481719970703
0.018751144409179688
0.0248568058013916
0.01808619499206543
0.01463627815246582
0.013968944549560547
0.014542341232299805
0.01908135414123535
0.01492452621459961
0.01468205451965332
0.015200614929199219
0.01715397834777832
0.025319814682006836
0.016289710998535156
0.010242700576782227
0.008319377899169922
0.007741451263427734
0.006802797317504883
0.00884866714477539
0.006970405578613281
0.03139090538024902
0.028800010681152344
0.038259029388427734
0.028225421905517578
0.01874709129333496
0.012464523315429688
0.011257410049438477
0.008641481399536133
0.007550716400146484
0.008321046829223633
0.00800776481628418
0.007320404052734375
0.007282257080078125
0.008172035217285156
0.007563352584838867
0.008116006851196289
0.008078336715698242
0.010492801666259766
0.010608673095703125
0.008339643478393555
0.008873701095581055
0.04751896858215332
0.036023616790771484
0.02516651153564453
0.022981882095336914
0.016156435012817383
0.009825706481933594
0.007550716400146484
0.007088661193847656
0.008529424667358398
0.010129451751708984
0.008983612060546875
0.008489608764648438
0.03815722465515137
0.038608551025390625
0.016803741455078125
0.013885974884033203
0.012005090713500977
0.011327505111694336
0.011339902877807617
0.01100301742553711
0.010923147201538086
0.009465694427490234
0.008750677108764648
0.008745193481445312
0.008221149444580078
0.00986933708190918
0.017081260681152344
0.007941961288452148
0.007719516754150391
0.007806539535522461
0.008988380432128906
0.008311033248901367
0.008330106735229492
0.008034467697143555
0.008383035659790039
0.007862091064453125
0.007942438125610352
0.008072137832641602
0.007607221603393555
0.009566068649291992
0.0076367855072021484
0.007540702819824219
0.008399009704589844
0.008535623550415039
0.008388042449951172
0.00845479965209961
0.008713960647583008
0.011512517929077148
0.008879899978637695
0.008934736251831055
0.009955644607543945
0.008621454238891602
0.023266077041625977
0.039725542068481445
0.020893573760986328
0.008812904357910156
0.0076694488525390625
0.0077631473541259766
0.007630109786987305
0.009785652160644531
0.0076406002044677734
0.025945425033569336
0.008011579513549805
0.00770115852355957
0.0073282718658447266
0.008012533187866211
0.007984638214111328
0.008308649063110352
0.008559226989746094
0.0074999332427978516
0.007410526275634766
0.0075337886810302734
0.007582902908325195
0.008154869079589844
0.00798177719116211
0.007120609283447266
0.0073795318603515625
0.00751042366027832
0.006952762603759766
0.007100343704223633
0.007181882858276367
0.03513813018798828
0.008002519607543945
0.007543087005615234
0.0076274871826171875
0.0077266693115234375
0.010028362274169922
0.008175849914550781
0.007926464080810547
0.007502079010009766
0.007186174392700195
0.007262468338012695
0.007045745849609375
0.008204936981201172
0.007782459259033203
0.009589433670043945
0.007440328598022461
0.007157325744628906
0.007236957550048828
0.008237123489379883
0.008312225341796875
0.008263826370239258
0.008364439010620117
0.008064031600952148
0.029332399368286133
0.028011560440063477
0.016916751861572266
0.013591527938842773
0.013477563858032227
0.00946354866027832
0.00749516487121582
0.0073435306549072266
0.007189750671386719
0.007357120513916016
0.007913351058959961
0.007402658462524414
0.00879359245300293
0.0077075958251953125
0.00764012336730957
0.007577180862426758
0.010151386260986328
0.0073223114013671875
0.0070917606353759766
0.007946014404296875
0.007127046585083008
0.006994724273681641
0.007778167724609375
0.04689908027648926
0.03193473815917969
0.024080276489257812
0.023085594177246094
0.009460210800170898
0.0073587894439697266
0.007703304290771484
0.008034944534301758
0.007768869400024414
0.007356882095336914
0.007250547409057617
0.010803461074829102
0.008590459823608398
0.008441925048828125
0.007962942123413086
0.007546663284301758
0.0070743560791015625
0.007264137268066406
0.009699583053588867
0.006997823715209961
0.030512094497680664
0.029183387756347656
0.0372166633605957
0.02031564712524414
0.010537862777709961
0.00810551643371582
0.0315093994140625
0.011089324951171875
0.007395505905151367
0.007956981658935547
0.007233619689941406
0.007274150848388672
0.007285118103027344
0.007082223892211914
0.00658726692199707
0.009555578231811523
0.0066831111907958984
0.007575273513793945
0.007930755615234375
0.0068206787109375
0.007482767105102539
0.007558584213256836
0.007825613021850586
0.008075952529907227
0.00827169418334961
0.010179281234741211
0.010464906692504883
0.010318756103515625
0.00923299789428711
0.007419109344482422
0.00680232048034668
0.006721019744873047
0.007982015609741211
0.009165048599243164
0.011377573013305664
0.014806270599365234
0.02610039710998535
0.018929243087768555
0.019565105438232422
0.019820690155029297
0.02031397819519043
0.02454352378845215
0.025072813034057617
0.024481773376464844
0.03349733352661133
0.025672197341918945
0.02010822296142578
0.013140678405761719
0.007420063018798828
0.0258638858795166
0.028102397918701172
0.007750034332275391
0.007250070571899414
0.007402658462524414
0.007462263107299805
0.04223513603210449
0.020597457885742188
0.013655424118041992
0.007353782653808594
0.007627964019775391
0.007577657699584961
0.010532855987548828
0.00787806510925293
0.007869243621826172
0.0078008174896240234
0.033441781997680664
0.03596138954162598
0.017211198806762695
0.011800765991210938
0.0075986385345458984
0.03232169151306152
0.025525569915771484
0.016322612762451172
0.01628875732421875
0.008835792541503906
0.04259920120239258
0.018093109130859375
0.009978771209716797
0.02754950523376465
0.026879072189331055
0.014072418212890625
0.03124713897705078
0.038742780685424805
0.016653060913085938
0.014029979705810547
0.014237165451049805
0.013753175735473633
0.018772602081298828
0.013906717300415039
0.014375686645507812
0.014160394668579102
0.013897418975830078
0.014233112335205078
0.013712167739868164
0.013898849487304688
0.014174461364746094
0.013225793838500977
0.014148235321044922
0.014499425888061523
0.0070188045501708984
0.032360076904296875
0.038550615310668945
0.0213773250579834
0.019685983657836914
0.016324281692504883
0.016233205795288086
0.012251138687133789
0.01142740249633789
0.00777888298034668
0.006926298141479492
0.0075109004974365234
0.007390737533569336
0.009748458862304688
0.0073277950286865234
0.007443904876708984
0.03020024299621582
0.039140939712524414
0.029006242752075195
0.02623128890991211
0.014801263809204102
0.014464378356933594
0.009980440139770508
0.010376453399658203
0.010043144226074219
0.01000523567199707
0.009933710098266602
0.00980377197265625
0.009972810745239258
0.010226964950561523
0.010712146759033203
0.009912967681884766
0.009917974472045898
0.009720325469970703
0.010127067565917969
0.009964227676391602
0.009958505630493164
0.009321212768554688
0.008296728134155273
0.006815433502197266
0.025522232055664062
0.026255130767822266
0.02469325065612793
0.02399921417236328
0.010342121124267578
0.011981487274169922
0.007480621337890625
0.007322072982788086
0.007341861724853516
0.0071794986724853516
0.007762908935546875
0.007778167724609375
0.0076901912689208984
0.007497549057006836
0.007150173187255859
0.007585763931274414
0.006989002227783203
0.01042795181274414
0.008130788803100586
0.00814366340637207
0.008105754852294922
0.009005546569824219
0.04640531539916992
0.032247066497802734
0.03023529052734375
0.015941381454467773
0.011022329330444336
0.00895071029663086
0.008141040802001953
0.028397083282470703
0.031346797943115234
0.015935420989990234
0.01328897476196289
0.014449119567871094
0.013942718505859375
0.01886582374572754
0.008491754531860352
0.014046907424926758
0.027179956436157227
0.017052412033081055
0.021724224090576172
0.01596808433532715
0.01329183578491211
0.013012886047363281
0.013310670852661133
0.012825489044189453
0.016197919845581055
0.013306617736816406
0.01692962646484375
0.018188953399658203
0.018297195434570312
0.0255434513092041
0.0179445743560791
0.01825690269470215
0.01823115348815918
0.01866006851196289
0.022134780883789062
0.014618396759033203
0.030190229415893555
0.03507113456726074
0.013987302780151367
0.01866769790649414
0.010833740234375
0.007182121276855469
0.0074045658111572266
0.03560996055603027
0.020470857620239258
0.015364408493041992
0.013491153717041016
0.013484477996826172
0.01302647590637207
0.013625144958496094
0.013544321060180664
0.013584375381469727
0.01336526870727539
0.01373600959777832
0.013469934463500977
0.013445615768432617
0.013916730880737305
0.014797210693359375
0.013875484466552734
0.013914823532104492
0.013780832290649414
0.013709783554077148
0.013343095779418945
0.018818140029907227
0.014148473739624023
0.013922452926635742
0.01578664779663086
0.014031410217285156
0.010287284851074219
0.008432388305664062
0.007938385009765625
0.00911569595336914
0.008682727813720703
0.00890207290649414
0.010445117950439453
0.0072634220123291016
0.009004831314086914
0.009009838104248047
0.009373188018798828
0.011296272277832031
0.020264387130737305
0.0189969539642334
0.02752232551574707
0.008983612060546875
0.007265806198120117
0.007215023040771484
0.009263753890991211
0.007401704788208008
0.0072383880615234375
0.007139444351196289
0.007245540618896484
0.007248878479003906
0.0072956085205078125
0.007607460021972656
0.010570764541625977
0.029997587203979492
0.027251243591308594
0.014687538146972656
0.015497684478759766
0.007995843887329102
0.031094789505004883
0.029832124710083008
0.026511430740356445
0.013278722763061523
0.01166677474975586
0.01166391372680664
0.012048482894897461
0.04335308074951172
0.03243064880371094
0.029877662658691406
0.021650314331054688
0.011603116989135742
0.011264324188232422
0.010577201843261719
0.012247562408447266
0.010973215103149414
0.013588666915893555
0.010010004043579102
0.010424375534057617
0.01267862319946289
0.011250019073486328
0.010219812393188477
0.03223705291748047
0.011642217636108398
0.00906062126159668
0.03273582458496094
0.03997159004211426
0.026959657669067383
0.0208890438079834
0.018501758575439453
0.018575429916381836
0.007149219512939453
0.007710456848144531
0.0070116519927978516
0.009350299835205078
0.007833003997802734
0.03246259689331055
0.00775456428527832
0.007844686508178711
0.008088111877441406
0.00798344612121582
0.007302761077880859
0.0073926448822021484
0.0074236392974853516
0.013334989547729492
0.007372140884399414
0.007303714752197266
0.007151126861572266
0.0315244197845459
0.03940176963806152
0.02209949493408203
0.012558221817016602
0.011273384094238281
0.01131749153137207
0.015473365783691406
0.01148676872253418
0.011621713638305664
0.009843111038208008
0.007863998413085938
0.008732795715332031
0.04428386688232422
0.007630825042724609
0.011636495590209961
0.01668691635131836
0.007544279098510742
0.0073049068450927734
0.007778644561767578
0.009755373001098633
0.0073528289794921875
0.007008790969848633
0.017421245574951172
0.017424583435058594
0.007307291030883789
0.0070078372955322266
0.00693964958190918
0.007941246032714844
0.007224559783935547
0.007165193557739258
0.007124900817871094
0.007926464080810547
0.015334606170654297
0.02578282356262207
0.028528928756713867
0.024957895278930664
0.008779525756835938
0.007963895797729492
0.009986162185668945
0.007590532302856445
0.0194244384765625
0.007363080978393555
0.007275819778442383
0.0071909427642822266
0.007393836975097656
0.006986856460571289
0.006785869598388672
0.0313873291015625
0.028562307357788086
0.02149200439453125
0.011941194534301758
0.007719516754150391
0.009381532669067383
0.00900721549987793
0.011736869812011719
0.030695676803588867
0.030060529708862305
0.02878403663635254
0.021811723709106445
0.022570371627807617
0.02165675163269043
0.028460979461669922
0.016763687133789062
0.016583681106567383
0.01659560203552246
0.016598224639892578
0.016635894775390625
0.016097545623779297
0.01662278175354004
0.022803068161010742
0.030899524688720703
0.030634641647338867
0.02585458755493164
0.013139724731445312
0.009923219680786133
0.009531259536743164
0.00856781005859375
0.008695840835571289
0.008541107177734375
0.036798715591430664
0.018784046173095703
0.011957883834838867
0.027670860290527344
0.02348017692565918
0.009190559387207031
0.008973121643066406
0.015581130981445312
0.009575366973876953
0.07442712783813477
0.03766989707946777
0.016913890838623047
0.02414250373840332
0.026571273803710938
0.026813030242919922
0.02437424659729004
0.018961429595947266
0.02121567726135254
0.02700638771057129
0.01933908462524414
0.015088319778442383
0.020718097686767578
0.022029399871826172
0.01079869270324707
0.012964248657226562
0.012883901596069336
0.011175394058227539
0.010948419570922852
0.014618873596191406
0.01122426986694336
0.011269807815551758
0.012656927108764648
0.012351512908935547
0.012819290161132812
0.011213302612304688
0.012122869491577148
0.012486934661865234
0.012084722518920898
0.012022972106933594
0.011654376983642578
0.01151275634765625
0.010121345520019531
0.010100841522216797
0.009585380554199219
0.009603500366210938
0.011816024780273438
0.01480722427368164
0.011808395385742188
0.011713981628417969
0.012395143508911133
0.0141143798828125
0.017017841339111328
0.016676902770996094
0.016518115997314453
0.013013839721679688
0.011989593505859375
0.01272439956665039
0.018644332885742188
0.017366409301757812
0.027902841567993164
0.021519184112548828
0.01682424545288086
0.014083385467529297
0.014186620712280273
0.01450347900390625
0.01361536979675293
0.01366734504699707
0.013293027877807617
0.011885404586791992
0.011839866638183594
0.022196054458618164
0.013459444046020508
0.017508268356323242
0.010673761367797852
0.011623382568359375
0.017289161682128906
0.013091564178466797
0.013486146926879883
0.012680530548095703
0.013199806213378906
0.013095617294311523
0.017791271209716797
0.012918949127197266
0.013109683990478516
0.013289213180541992
0.013307332992553711
0.01306605339050293
0.01315164566040039
0.013443708419799805
0.026117324829101562
0.011710882186889648
0.007139444351196289
0.007645845413208008
0.0073544979095458984
0.006686210632324219
0.007070302963256836
0.007262468338012695
0.007340908050537109
0.007166862487792969
0.007236957550048828
0.00696253776550293
0.007367849349975586
0.00684046745300293
0.007416486740112305
0.007303476333618164
0.0072956085205078125
0.027390480041503906
0.02663588523864746
0.02602100372314453
0.018633127212524414
0.013587713241577148
0.01331949234008789
0.01271367073059082
0.012400150299072266
0.012837648391723633
0.011046171188354492
0.01086735725402832
0.011032819747924805
0.011320352554321289
0.010897397994995117
0.010861873626708984
0.010242938995361328
0.010976314544677734
0.010879039764404297
0.010903120040893555
0.011205673217773438
0.009723663330078125
0.007646799087524414
0.007137298583984375
0.007231235504150391
0.007053852081298828
0.0072307586669921875
0.007223844528198242
0.009919404983520508
0.007256507873535156
0.007275104522705078
0.00709986686706543
0.006919145584106445
0.0074236392974853516
0.0073931217193603516
0.03462839126586914
0.026285886764526367
0.02509927749633789
0.01971578598022461
0.020921945571899414
0.007702350616455078
0.006715297698974609
0.0070953369140625
0.007111072540283203
0.007458686828613281
0.00663447380065918
0.007420063018798828
0.008516311645507812
0.007093191146850586
0.00720524787902832
0.006516695022583008
0.006365776062011719
0.0077550411224365234
0.007439613342285156
0.0077321529388427734
0.007773637771606445
0.0076999664306640625
0.0077555179595947266
0.0076904296875
0.007688760757446289
0.0076105594635009766
0.010039806365966797
0.0077593326568603516
0.007391214370727539
0.0077991485595703125
0.007636547088623047
0.007806062698364258
0.00773930549621582
0.009836435317993164
0.0076634883880615234
0.007535696029663086
0.0076198577880859375
0.007241964340209961
0.007622718811035156
0.0077364444732666016
0.007214784622192383
0.007321596145629883
0.00936746597290039
0.00755620002746582
0.007782459259033203
0.007863283157348633
0.007742166519165039
0.007707357406616211
0.0076982975006103516
0.010720252990722656
0.007600069046020508
0.007245540618896484
0.00774693489074707
0.007136821746826172
0.007767200469970703
0.007005214691162109
0.007709026336669922
0.0074100494384765625
0.007681369781494141
0.0076715946197509766
0.00768733024597168
0.007894277572631836
0.009014368057250977
0.007481575012207031
0.010753393173217773
0.008355855941772461
0.007856607437133789
0.008162498474121094
0.008270978927612305
0.02852153778076172
0.029131412506103516
0.016331195831298828
0.007932901382446289
0.00801992416381836
0.0075321197509765625
0.009487152099609375
0.010063409805297852
0.007953643798828125
0.008492231369018555
0.009726285934448242
0.008929014205932617
0.011279582977294922
0.013376235961914062
0.010662078857421875
0.032538652420043945
0.0332334041595459
0.015604972839355469
0.011542320251464844
0.01017451286315918
0.01046133041381836
0.010402441024780273
0.010877132415771484
0.009117841720581055
0.010413169860839844
0.010228872299194336
0.010179519653320312
0.009921550750732422
0.008405208587646484
0.04196953773498535
0.028309106826782227
0.024096965789794922
0.016497135162353516
0.015460014343261719
0.016068458557128906
0.013584375381469727
0.007089853286743164
0.008158445358276367
0.007379770278930664
0.0075571537017822266
0.008138656616210938
0.007314205169677734
0.007822036743164062
0.009415388107299805
0.008758783340454102
0.016281843185424805
0.016098976135253906
0.009917497634887695
0.007828235626220703
0.02485489845275879
0.009071588516235352
0.006779670715332031
0.0067098140716552734
0.006669759750366211
0.006573915481567383
0.007086515426635742
0.007856369018554688
0.0075266361236572266
0.00776219367980957
0.006589174270629883
0.0169680118560791
0.029003381729125977
0.039820194244384766
0.022073984146118164
0.03200888633728027
0.017809391021728516
0.010905027389526367
0.029511213302612305
0.019718647003173828
0.018062114715576172
0.016904115676879883
0.016773462295532227
0.01750016212463379
0.020545482635498047
0.027142047882080078
0.020657062530517578
0.02062249183654785
0.02073526382446289
0.02724313735961914
0.018636703491210938
0.013780593872070312
0.01387643814086914
0.010581254959106445
0.010704517364501953
0.009779691696166992
0.009572267532348633
0.010603904724121094
0.016424894332885742
0.007248401641845703
0.0068662166595458984
0.009522438049316406
0.0072019100189208984
0.00707697868347168
0.007443666458129883
0.006660938262939453
0.007180690765380859
0.00753331184387207
0.007465839385986328
0.006898403167724609
0.009748220443725586
0.0074214935302734375
0.00745391845703125
0.006991147994995117
0.007502555847167969
0.007823705673217773
0.008134126663208008
0.00963902473449707
0.007460832595825195
0.007232666015625
0.007436037063598633
0.007175445556640625
0.0072078704833984375
0.00694584846496582
0.006977081298828125
0.007032871246337891
0.0073277950286865234
0.01032876968383789
0.00841975212097168
0.007177114486694336
0.009184122085571289
0.007164716720581055
0.007885932922363281
0.0074079036712646484
0.009952545166015625
0.007585287094116211
0.007437229156494141
0.0076007843017578125
0.007421970367431641
0.007051706314086914
0.007641315460205078
0.007067441940307617
0.007399082183837891
0.0077321529388427734
0.007977485656738281
0.009590864181518555
0.0074231624603271484
0.0071468353271484375
0.007219076156616211
0.009543657302856445
0.00926661491394043
0.01232457160949707
0.04327201843261719
0.03908848762512207
0.014958381652832031
0.015351295471191406
0.012500762939453125
0.012150287628173828
0.011923789978027344
0.01175999641418457
0.012535333633422852
0.012798786163330078
0.013954401016235352
0.016843080520629883
0.008899450302124023
0.011102676391601562
0.012203216552734375
0.012244939804077148
0.010518312454223633
0.01895880699157715
0.014400959014892578
0.014206409454345703
0.016191720962524414
0.016457796096801758
0.020097970962524414
0.022745132446289062
0.014660358428955078
0.011904239654541016
0.01068258285522461
0.016422748565673828
0.012511253356933594
0.010567665100097656
0.01375436782836914
0.012812137603759766
0.01143336296081543
0.014569997787475586
0.015041351318359375
0.013918876647949219
0.010202169418334961
0.016269683837890625
0.024470090866088867
0.015278100967407227
0.013554811477661133
0.01268911361694336
0.018326282501220703
0.02332925796508789
0.02084493637084961
0.04877591133117676
0.0678713321685791
0.031054258346557617
0.027245044708251953
0.03469371795654297
0.02057814598083496
0.021041154861450195
0.026975631713867188
0.020190715789794922
0.0190579891204834
0.02086949348449707
0.02725815773010254
0.01924276351928711
0.019227981567382812
0.016069650650024414
0.0249478816986084
0.016723155975341797
0.015932559967041016
0.016325950622558594
0.014131307601928711
0.013151884078979492
0.012104511260986328
0.012042999267578125
0.012293338775634766
0.014118194580078125
0.012493610382080078
0.012805461883544922
0.011024951934814453
0.012076616287231445
0.011281013488769531
0.010893821716308594
0.014959096908569336
0.012441396713256836
0.010762691497802734
0.011089086532592773
0.011282682418823242
0.013049602508544922
0.010880231857299805
0.010543107986450195
0.010681390762329102
0.010327816009521484
0.011331319808959961
0.012121438980102539
0.015165328979492188
0.012456893920898438
0.010795116424560547
0.009057044982910156
0.010433435440063477
0.008609533309936523
0.008838415145874023
0.014394044876098633
0.013265371322631836
0.013364791870117188
0.012991189956665039
0.010097026824951172
0.009827375411987305
0.010485649108886719
0.011563301086425781
0.01142430305480957
0.011255502700805664
0.011431694030761719
0.016871929168701172
0.011507511138916016
0.010818243026733398
0.011297941207885742
0.010121822357177734
0.011391162872314453
0.01185917854309082
0.010242700576782227
0.01688671112060547
0.011281490325927734
0.018301963806152344
0.013975858688354492
0.013354778289794922
0.01119089126586914
0.012420892715454102
0.010079622268676758
0.009535074234008789
0.052047014236450195
0.023099422454833984
0.014791250228881836
0.01327824592590332
0.011998891830444336
0.012046337127685547
0.011210441589355469
0.010793447494506836
0.011495351791381836
0.011743545532226562
0.015000343322753906
0.011133193969726562
0.010715723037719727
0.009944915771484375
0.010038137435913086
0.010087966918945312
0.009851455688476562
0.013069629669189453
0.009662389755249023
0.010132789611816406
0.010239601135253906
0.01007986068725586
0.010215044021606445
0.010157108306884766
0.00992274284362793
0.010081768035888672
0.01007986068725586
0.007875919342041016
0.008134126663208008
0.008425712585449219
0.008347272872924805
0.009031057357788086
0.012752771377563477
0.011112213134765625
0.010597944259643555
0.012079000473022461
0.011760711669921875
0.01243138313293457
0.011116266250610352
0.010336160659790039
0.009832382202148438
0.011420488357543945
0.010091304779052734
0.009492874145507812
0.012350797653198242
0.011384010314941406
0.012187957763671875
0.010004043579101562
0.011002540588378906
0.011741161346435547
0.01115560531616211
0.01093149185180664
0.011527538299560547
0.01072382926940918
0.015158653259277344
0.012769222259521484
0.011781930923461914
0.011220455169677734
0.01159048080444336
0.011495828628540039
0.015288114547729492
0.011857032775878906
0.011231184005737305
0.008641242980957031
0.008807897567749023
0.009103059768676758
0.008648872375488281
0.01379084587097168
0.015273332595825195
0.01807236671447754
0.014834880828857422
0.027871370315551758
0.013635873794555664
0.012161016464233398
0.009268760681152344
0.00792384147644043
0.008620977401733398
0.008125782012939453
0.036180973052978516
0.032134294509887695
0.02429652214050293
0.018123865127563477
0.008030414581298828
0.007081747055053711
0.00787210464477539
0.007218360900878906
0.007580757141113281
0.007572174072265625
0.007889986038208008
0.007858991622924805
0.007673025131225586
0.008305549621582031
0.011952877044677734
0.016806364059448242
0.014999628067016602
0.02063727378845215
0.013849258422851562
0.011337041854858398
0.01029348373413086
0.010686397552490234
0.015203475952148438
0.012885570526123047
0.013286352157592773
0.02473902702331543
0.018738508224487305
0.016692161560058594
0.013466119766235352
0.01406717300415039
0.013060569763183594
0.012763738632202148
0.011003732681274414
0.012399673461914062
0.009933233261108398
0.011187553405761719
0.010997533798217773
0.00981593132019043
0.013071060180664062
0.011536121368408203
0.012506246566772461
0.00913858413696289
0.01533055305480957
0.011693239212036133
0.011307001113891602
0.010749340057373047
0.010306596755981445
0.010267257690429688
0.014504432678222656
0.009403228759765625
0.011066675186157227
0.011806726455688477
0.012352943420410156
0.011927127838134766
0.011879205703735352
0.011594295501708984
0.011722564697265625
0.011174201965332031
0.011440277099609375
0.011648178100585938
0.012151718139648438
0.015123128890991211
0.011628866195678711
0.011625051498413086
0.011225461959838867
0.012143611907958984
0.012463808059692383
0.015683889389038086
0.011932611465454102
0.011526107788085938
0.011303901672363281
0.01231837272644043
0.011764049530029297
0.009909629821777344
0.011236906051635742
0.01095271110534668
0.010945796966552734
0.011200189590454102
0.04881644248962402
0.026793956756591797
0.014276504516601562
0.012556791305541992
0.014725923538208008
0.011329412460327148
0.011942148208618164
0.009973526000976562
0.010944128036499023
0.012067079544067383
0.011701345443725586
0.013692855834960938
0.011037826538085938
0.01266622543334961
0.03485894203186035
0.017076730728149414
0.012782812118530273
0.017515897750854492
0.011581897735595703
0.013086557388305664
0.011595964431762695
0.011385202407836914
0.014514446258544922
0.011708498001098633
0.009775161743164062
0.010230064392089844
0.010098934173583984
0.010209083557128906
0.00957345962524414
0.010516881942749023
0.011304378509521484
0.02320384979248047
0.019299983978271484
0.014489173889160156
0.016216754913330078
0.015105009078979492
0.01567864418029785
0.012658357620239258
0.01391458511352539
0.014458179473876953
0.017827510833740234
0.024825334548950195
0.014725685119628906
0.011420249938964844
0.012005090713500977
0.011828422546386719
0.01081228256225586
0.010676860809326172
0.01202249526977539
0.01031637191772461
0.011112689971923828
0.017639875411987305
0.013617753982543945
0.012781620025634766
0.013207197189331055
0.01105189323425293
0.012195587158203125
0.009818315505981445
0.012820005416870117
0.01359248161315918
0.01447153091430664
0.014576435089111328
0.010462284088134766
0.013372182846069336
0.01170492172241211
0.010075569152832031
0.01054072380065918
0.011430025100708008
0.010855674743652344
0.011391401290893555
0.011388778686523438
0.013253211975097656
0.011089324951171875
0.010090827941894531
0.008965492248535156
0.010901451110839844
0.011464118957519531
0.01412820816040039
0.01043081283569336
0.012102603912353516
0.016518115997314453
0.014385700225830078
0.021306991577148438
0.014232397079467773
0.010200977325439453
0.01332855224609375
0.013518571853637695
0.011862516403198242
0.014572620391845703
0.009403228759765625
0.01443338394165039
0.01087331771850586
0.01126718521118164
0.010285377502441406
0.011255264282226562
0.012819051742553711
0.012314558029174805
0.012092351913452148
0.009649515151977539
0.009259462356567383
0.009361028671264648
0.01894354820251465
0.01765131950378418
0.018490076065063477
0.019649267196655273
0.015536069869995117
0.016425132751464844
0.012724876403808594
0.009253501892089844
0.009857416152954102
0.010008573532104492
0.010064125061035156
0.012100696563720703
0.00963735580444336
0.009500980377197266
0.016877412796020508
0.017033100128173828
0.02849268913269043
0.01211404800415039
0.017821311950683594
0.010345935821533203
0.012389421463012695
0.017048120498657227
0.010787487030029297
0.01267695426940918
0.011403799057006836
0.013577461242675781
0.011677980422973633
0.030767202377319336
0.03107738494873047
0.009526491165161133
0.009488344192504883
0.009657859802246094
0.007726430892944336
0.00829768180847168
0.013184547424316406
0.010330438613891602
0.018650293350219727
0.008911848068237305
0.010374069213867188
0.007872343063354492
0.007565021514892578
0.008867263793945312
0.013896942138671875
0.009033918380737305
0.011793375015258789
0.012568473815917969
0.011409997940063477
0.009705066680908203
0.008390188217163086
0.012679815292358398
0.011287689208984375
0.009543418884277344
0.03060746192932129
0.049851179122924805
0.011284112930297852
0.01160287857055664
0.032762765884399414
0.013784408569335938
0.008481979370117188
0.01225137710571289
0.009567737579345703
0.011786699295043945
0.009765863418579102
0.012459278106689453
0.007838249206542969
0.00921630859375
0.007123708724975586
0.011870622634887695
0.011375904083251953
0.012538671493530273
0.01252293586730957
0.011354207992553711
0.032082319259643555
0.03821992874145508
0.015041828155517578
0.010641336441040039
0.009614706039428711
0.00903463363647461
0.010243415832519531
0.012770891189575195
0.017628192901611328
0.008708000183105469
0.010126590728759766
0.008272409439086914
0.007778167724609375
0.007934808731079102
0.011637210845947266
0.010127067565917969
0.010289907455444336
0.016536712646484375
0.00984334945678711
0.009026765823364258
0.009651422500610352
0.007996559143066406
0.008618593215942383
0.010909557342529297
0.0072062015533447266
0.012043952941894531
0.010261297225952148
0.010271310806274414
0.010170698165893555
0.007813215255737305
0.009083032608032227
0.009254693984985352
0.03913688659667969
0.03338360786437988
0.009215831756591797
0.009183168411254883
0.011575460433959961
0.008970260620117188
0.041942596435546875
0.036257028579711914
0.030458450317382812
0.02595067024230957
0.019685029983520508
0.01716327667236328
0.011529922485351562
0.010267257690429688
0.013196706771850586
0.014239311218261719
0.011067867279052734
0.011049985885620117
0.010380983352661133
0.015799283981323242
0.010577917098999023
0.013203620910644531
0.011807441711425781
0.013661861419677734
0.014189958572387695
0.020843029022216797
0.012846946716308594
0.013906002044677734
0.010435104370117188
0.011522769927978516
0.010544061660766602
0.01183772087097168
0.011302709579467773
0.013226747512817383
0.010842323303222656
0.01501321792602539
0.023012876510620117
0.01601386070251465
0.014089107513427734
0.015781879425048828
0.012546062469482422
0.01928257942199707
0.010747909545898438
0.011508464813232422
0.01730656623840332
0.010156393051147461
0.010944128036499023
0.007802724838256836
0.008887529373168945
0.016031742095947266
0.010468721389770508
0.009036779403686523
0.010562419891357422
0.012157201766967773
0.01323246955871582
0.013202428817749023
0.014096498489379883
0.011669635772705078
0.012762069702148438
0.013020515441894531
0.011420965194702148
0.01293635368347168
0.018291711807250977
0.01098775863647461
0.010483980178833008
0.011072874069213867
0.010640144348144531
0.04114651679992676
0.04530620574951172
0.016187191009521484
0.01092219352722168
0.010670900344848633
0.03156590461730957
0.013599634170532227
0.011787652969360352
0.021433353424072266
0.010035991668701172
0.012075424194335938
0.026233434677124023
0.00994110107421875
0.011635541915893555
0.012403249740600586
0.015690088272094727
0.007553577423095703
0.0494077205657959
0.018339872360229492
0.010451078414916992
0.013689994812011719
0.010127544403076172
0.012008190155029297
0.009560108184814453
0.010743379592895508
0.03504657745361328
0.04483389854431152
0.00908803939819336
0.011334657669067383
0.03360557556152344
0.04625701904296875
0.015758514404296875
0.011974096298217773
0.010718107223510742
0.009388446807861328
0.009310007095336914
0.012617349624633789
0.010887861251831055
0.011237144470214844
0.010599613189697266
0.009954452514648438
0.009099483489990234
0.00978851318359375
0.009772539138793945
0.008452892303466797
0.010553359985351562
0.011321067810058594
0.013190507888793945
0.013492822647094727
0.007328987121582031
0.010540485382080078
0.03331255912780762
0.04663252830505371
0.01959681510925293
0.010403633117675781
0.033849477767944336
0.029008865356445312
0.020888328552246094
0.018796682357788086
0.016119956970214844
0.02916574478149414
0.01413583755493164
0.0105743408203125
0.010635852813720703
0.010573625564575195
0.0446782112121582
0.03238105773925781
0.014089345932006836
0.011236906051635742
0.0578761100769043
0.0180051326751709
0.012237548828125
0.010794401168823242
0.018725872039794922
0.013628721237182617
0.03360176086425781
0.028406858444213867
0.03194904327392578
0.037329912185668945
0.02188253402709961
0.008021116256713867
0.010724306106567383
0.03229188919067383
0.014867305755615234
0.011435747146606445
0.008007049560546875
0.008502006530761719
0.010720968246459961
0.009332895278930664
0.01619863510131836
0.009685993194580078
0.012779474258422852
0.015902280807495117
0.00960850715637207
0.04284834861755371
0.0400850772857666
0.013382911682128906
0.011277914047241211
0.009948492050170898
0.011275291442871094
0.009781360626220703
0.008892059326171875
0.018517732620239258
0.010179519653320312
0.007830142974853516
0.011980056762695312
0.010320186614990234
0.012320995330810547
0.013278722763061523
0.010432243347167969
0.010470390319824219
0.01276254653930664
0.012050390243530273
0.013643026351928711
0.014495134353637695
0.009237051010131836
0.011113882064819336
0.013616561889648438
0.013007164001464844
0.024562835693359375
0.010552406311035156
0.012122154235839844
0.010988473892211914
0.010476112365722656
0.008849620819091797
0.010380983352661133
0.022037506103515625
0.011837959289550781
0.013720989227294922
0.017409563064575195
0.016117572784423828
0.008341550827026367
0.03394794464111328
0.04672074317932129
0.021976947784423828
0.011984109878540039
0.007959842681884766
0.009251117706298828
0.018620729446411133
0.0207822322845459
0.031502723693847656
0.011642932891845703
0.019149065017700195
0.010745763778686523
0.011870145797729492
0.018720149993896484
0.009227991104125977
0.010974884033203125
0.009825468063354492
0.0085601806640625
0.017252206802368164
0.016336679458618164
0.01849222183227539
0.022604942321777344
0.014878988265991211
0.007918834686279297
0.012223958969116211
0.010712146759033203
0.011969566345214844
0.017330646514892578
0.012524604797363281
0.014212846755981445
0.008374452590942383
0.009704351425170898
0.010815143585205078
0.013950109481811523
0.036934852600097656
0.010691165924072266
0.011820077896118164
0.012873172760009766
0.015847206115722656
0.012312650680541992
0.00940847396850586
0.009971380233764648
0.008189916610717773
0.009361743927001953
0.016251564025878906
0.014858245849609375
0.04212594032287598
0.0457918643951416
0.011946916580200195
0.00941610336303711
0.03843069076538086
0.04769396781921387
0.03640627861022949
0.027529001235961914
0.01642894744873047
0.010942459106445312
0.019510746002197266
0.011221170425415039
0.017716646194458008
0.015302658081054688
0.00991511344909668
0.013011455535888672
0.00817418098449707
0.01048135757446289
0.008942842483520508
0.013044118881225586
0.03378605842590332
0.04315590858459473
0.04163217544555664
0.029507875442504883
0.01562952995300293
0.012101173400878906
0.013908624649047852
0.03524160385131836
0.04714798927307129
0.029091596603393555
0.01488184928894043
0.010097742080688477
0.01123356819152832
0.01231241226196289
0.03630995750427246
0.019786357879638672
0.010679960250854492
0.011251449584960938
0.009571075439453125
0.011552572250366211
0.025147199630737305
0.0447390079498291
0.031197071075439453
0.01743793487548828
0.012316226959228516
0.014603614807128906
0.011603593826293945
0.03750777244567871
0.029293537139892578
0.00951242446899414
0.011025428771972656
0.01003885269165039
0.007131814956665039
0.03524351119995117
0.023705244064331055
0.011944770812988281
0.00903773307800293
0.025183439254760742
0.04984712600708008
0.009388446807861328
0.01011204719543457
0.012175321578979492
0.007263898849487305
0.010728836059570312
0.014384984970092773
0.009838342666625977
0.02891230583190918
0.035555124282836914
0.01638484001159668
0.011343717575073242
0.031019926071166992
0.018552541732788086
0.017244338989257812
0.010402679443359375
0.011298418045043945
0.03646969795227051
0.022094011306762695
0.013779878616333008
0.034191131591796875
0.031128644943237305
0.01078033447265625
0.009001016616821289
0.0099334716796875
0.01010441780090332
0.010350704193115234
0.009171485900878906
0.008729696273803711
0.009252786636352539
0.008661985397338867
0.008727550506591797
0.00925445556640625
0.02057504653930664
0.01109004020690918
0.00866556167602539
0.016842365264892578
0.009886503219604492
0.05144786834716797
0.035833120346069336
0.034769535064697266
0.022846460342407227
0.013492584228515625
0.03454995155334473
0.040346384048461914
0.01012420654296875
0.009239435195922852
0.010253667831420898
0.010699272155761719
0.008249521255493164
0.009593009948730469
0.010045528411865234
0.024863243103027344
0.034793853759765625
0.03839254379272461
0.014705896377563477
0.028449058532714844
0.013553619384765625
0.033254384994506836
0.016466617584228516
0.03226280212402344
0.012061119079589844
0.010390758514404297
0.010651350021362305
0.010027885437011719
0.010147571563720703
0.010260343551635742
0.014183998107910156
0.05028843879699707
0.039704084396362305
0.014554977416992188
0.01098322868347168
0.01136016845703125
0.03256559371948242
0.015485763549804688
0.011065483093261719
0.01001596450805664
0.010503530502319336
0.011159420013427734
0.03386354446411133
0.048543691635131836
0.03298044204711914
0.018062591552734375
0.013247251510620117
0.01836705207824707
0.013051748275756836
0.012359619140625
0.03451228141784668
0.036293745040893555
0.01468038558959961
0.007826566696166992
0.00984334945678711
0.009731292724609375
0.010645151138305664
0.01332855224609375
0.011351823806762695
0.010771989822387695
0.00884556770324707
0.009366989135742188
0.011279821395874023
0.009879589080810547
0.012735366821289062
0.009429931640625
0.009056568145751953
0.02064967155456543
0.03593301773071289
0.021364927291870117
0.01991558074951172
0.0202484130859375
0.015927791595458984
0.01705479621887207
0.010934114456176758
0.009760618209838867
0.01075434684753418
0.009931564331054688
0.01297307014465332
0.008969306945800781
0.014159917831420898
0.009698867797851562
0.01701521873474121
0.04616808891296387
0.019785165786743164
0.013190984725952148
0.011511087417602539
0.011464834213256836
0.012750625610351562
0.00998687744140625
0.011648416519165039
0.010676860809326172
0.01076054573059082
0.011325836181640625
0.01130533218383789
0.011682510375976562
0.011820554733276367
0.01178884506225586
0.011036396026611328
0.011279821395874023
0.012873649597167969
0.013150691986083984
0.011599302291870117
0.011083841323852539
0.010664224624633789
0.009995698928833008
0.013850927352905273
0.010486841201782227
0.011783599853515625
0.011029481887817383
0.03623461723327637
0.04136252403259277
0.019927978515625
0.008596181869506836
0.03713274002075195
0.026005029678344727
0.016269683837890625
0.011551380157470703
0.01222372055053711
0.010424137115478516
0.010317802429199219
0.009946107864379883
0.010176658630371094
0.01033782958984375
0.013881444931030273
0.01909494400024414
0.010594367980957031
0.011519432067871094
0.010312795639038086
0.010527849197387695
0.011255741119384766
0.016253948211669922
0.009529829025268555
0.034308671951293945
0.03130030632019043
0.021547317504882812
0.012679100036621094
0.008391141891479492
0.025225162506103516
0.02426290512084961
0.017420291900634766
0.010639190673828125
0.01121211051940918
0.01105809211730957
0.009230852127075195
0.01062917709350586
0.00834965705871582
0.030750513076782227
0.04363584518432617
0.02391529083251953
0.014729022979736328
0.00983738899230957
0.028151988983154297
0.04627490043640137
0.03326892852783203
0.016347169876098633
0.012252092361450195
0.010032415390014648
0.015299081802368164
0.00834965705871582
0.03742623329162598
0.03516435623168945
0.032872915267944336
0.017539024353027344
0.012847185134887695
0.010582447052001953
0.01356363296508789
0.009965896606445312
0.010382890701293945
0.010966062545776367
0.010446310043334961
0.007924556732177734
0.008928775787353516
0.014401912689208984
0.017232418060302734
0.011533975601196289
0.010913372039794922
0.010645627975463867
0.010178565979003906
0.010092973709106445
0.01866316795349121
0.01222681999206543
0.012636423110961914
0.025999069213867188
0.036560773849487305
0.02815389633178711
0.027601003646850586
0.010628700256347656
0.011468648910522461
0.026061296463012695
0.024202585220336914
0.014846563339233398
0.012316226959228516
0.009548187255859375
0.014058828353881836
0.01623678207397461
0.0189974308013916
0.020154476165771484
0.01763606071472168
0.016379594802856445
0.01596355438232422
0.016713619232177734
0.016335487365722656
0.01868414878845215
0.013997316360473633
0.010753154754638672
0.009984493255615234
0.009384393692016602
0.011220455169677734
0.008632659912109375
0.010881185531616211
0.00702977180480957
0.00910639762878418
0.03352236747741699
0.03133749961853027
0.018105745315551758
0.01355123519897461
0.009809255599975586
0.021574974060058594
0.028026103973388672
0.014527320861816406
0.010446310043334961
0.0363459587097168
0.01735973358154297
0.015158653259277344
0.008682727813720703
0.008648395538330078
0.013233423233032227
0.010445833206176758
0.009861946105957031
0.009584903717041016
0.013718843460083008
0.045842885971069336
0.04036068916320801
0.021863460540771484
0.02197885513305664
0.00980687141418457
0.009737968444824219
0.035123586654663086
0.046746253967285156
0.012978792190551758
0.020666837692260742
0.009903192520141602
0.008522748947143555
0.013886213302612305
0.009409904479980469
0.03333902359008789
0.030800819396972656
0.011652469635009766
0.010174751281738281
0.007968425750732422
0.008489847183227539
0.03377103805541992
0.026233911514282227
0.014393091201782227
0.010708808898925781
0.008505821228027344
0.0417017936706543
0.018215179443359375
0.013377189636230469
0.034470319747924805
0.010624170303344727
0.011703252792358398
0.03668022155761719
0.025843143463134766
0.015460014343261719
0.010306119918823242
0.010306596755981445
0.008710145950317383
0.01726388931274414
0.049433231353759766
0.03241777420043945
0.017890453338623047
0.013319015502929688
0.04026460647583008
0.03597903251647949
0.037070274353027344
0.05259084701538086
0.03529930114746094
0.03304266929626465
0.024821996688842773
0.021672487258911133
0.01273036003112793
0.02800750732421875
0.014447927474975586
0.010900735855102539
0.017223834991455078
0.0315244197845459
0.030719995498657227
0.010304450988769531
0.01090860366821289
0.008962869644165039
0.010085582733154297
0.02857804298400879
0.030049562454223633
0.02332782745361328
0.008431434631347656
0.008984565734863281
0.013731718063354492
0.01991868019104004
0.03391075134277344
0.02927231788635254
0.009630203247070312
0.007344245910644531
0.009660720825195312
0.008021354675292969
0.008576393127441406
0.010654449462890625
0.007415771484375
0.012854576110839844
0.008603572845458984
0.008825302124023438
0.017502546310424805
0.015938758850097656
0.012352228164672852
0.01783442497253418
0.015626192092895508
0.01194453239440918
0.01250004768371582
0.01037907600402832
0.009655952453613281
0.042209625244140625
0.023273229598999023
0.009745597839355469
0.012272834777832031
0.011756181716918945
0.012024879455566406
0.011455059051513672
0.010952472686767578
0.008653640747070312
0.008109569549560547
0.009400129318237305
0.043500661849975586
0.02189350128173828
0.017681121826171875
0.0173189640045166
0.009988069534301758
0.009273052215576172
0.0076029300689697266
0.009809732437133789
0.010345697402954102
0.011908769607543945
0.009269952774047852
0.009276390075683594
0.011194467544555664
0.009497642517089844
0.014793634414672852
0.012979745864868164
0.009950399398803711
0.013715982437133789
0.00884866714477539
0.008212089538574219
0.012693405151367188
0.012487649917602539
0.012373685836791992
0.011423110961914062
0.012986421585083008
0.011670112609863281
0.010818004608154297
0.011702299118041992
0.012694597244262695
0.012603521347045898
0.014328956604003906
0.011449098587036133
0.013079404830932617
0.010027408599853516
0.0471804141998291
0.013195514678955078
0.012874841690063477
0.01218724250793457
0.010416984558105469
0.011450767517089844
0.043401241302490234
0.012132883071899414
0.013786077499389648
0.013551712036132812
0.01313638687133789
0.014212369918823242
0.009928464889526367
0.008776664733886719
0.009570598602294922
0.009954690933227539
0.010347843170166016
0.04752397537231445
0.027442455291748047
0.01477503776550293
0.011330366134643555
0.012725830078125
0.008720874786376953
0.009500980377197266
0.011701107025146484
0.01030588150024414
0.04140949249267578
0.027578353881835938
0.014042139053344727
0.010438680648803711
0.009415864944458008
0.009433507919311523
0.010255575180053711
0.04975605010986328
0.04244828224182129
0.033057212829589844
0.017447233200073242
0.010448217391967773
0.011898040771484375
0.01421809196472168
0.011303424835205078
0.011453628540039062
0.01515817642211914
0.01116800308227539
0.01046133041381836
0.010920286178588867
0.010236740112304688
0.017126798629760742
0.008809804916381836
0.01071619987487793
0.013010501861572266
0.01016855239868164
0.011504888534545898
0.015257835388183594
0.01083683967590332
0.008280038833618164
0.009249687194824219
0.03782534599304199
0.02532672882080078
0.012160062789916992
0.010265350341796875
0.008122444152832031
0.04560446739196777
0.010023117065429688
0.010787487030029297
0.008525371551513672
0.007975578308105469
0.008786439895629883
0.008163213729858398
0.009917736053466797
0.009826421737670898
0.020567893981933594
0.03318929672241211
0.025463342666625977
0.014417409896850586
0.02094101905822754
0.027185678482055664
0.013534307479858398
0.013746023178100586
0.01728057861328125
0.011620283126831055
0.013818979263305664
0.011777162551879883
0.01051473617553711
0.0090484619140625
0.03801298141479492
0.042121171951293945
0.014889717102050781
0.01075434684753418
0.014029264450073242
0.012050390243530273
0.012037515640258789
0.011237382888793945
0.011315345764160156
0.010685920715332031
0.01581549644470215
0.009901285171508789
0.009029150009155273
0.009774923324584961
0.009263992309570312
0.007359981536865234
0.019864320755004883
0.010776042938232422
0.00993204116821289
0.010946989059448242
0.010153770446777344
0.03295254707336426
0.020854949951171875
0.015084505081176758
0.03226280212402344
0.024216175079345703
0.01371908187866211
0.010448455810546875
0.008364439010620117
0.012203216552734375
0.010593652725219727
0.012833356857299805
0.010132074356079102
0.010637044906616211
0.010542154312133789
0.010149240493774414
0.032514095306396484
0.029912233352661133
0.016662120819091797
0.00975942611694336
0.02665114402770996
0.01554250717163086
0.011691093444824219
0.007861614227294922
0.008672714233398438
0.0101470947265625
0.011213064193725586
0.015335559844970703
0.009925365447998047
0.01461172103881836
0.012285709381103516
0.012023210525512695
0.013009071350097656
0.0179288387298584
0.012761831283569336
0.039815664291381836
0.015264749526977539
0.0399324893951416
0.011929512023925781
0.01206207275390625
0.01268911361694336
0.009811878204345703
0.011542797088623047
0.009828567504882812
0.010283470153808594
0.009209871292114258
0.009014129638671875
0.011559486389160156
0.012018918991088867
0.014420270919799805
0.010617494583129883
0.01039576530456543
0.011248111724853516
0.009621858596801758
0.009477853775024414
0.008000373840332031
0.011461973190307617
0.011012554168701172
0.012764692306518555
0.012114524841308594
0.01220703125
0.009196996688842773
0.03180956840515137
0.031188249588012695
0.0431973934173584
0.03539538383483887
0.02515125274658203
0.012528419494628906
0.012575387954711914
0.009716272354125977
0.030462265014648438
0.015552282333374023
0.030446529388427734
0.012308597564697266
0.017152786254882812
0.012287139892578125
0.009205102920532227
0.04472231864929199
0.0319216251373291
0.018637657165527344
0.01042795181274414
0.011124610900878906
0.00866556167602539
0.009099245071411133
0.010994434356689453
0.011224508285522461
0.008855581283569336
0.014815330505371094
0.008755683898925781
0.008375883102416992
0.02329850196838379
0.03219246864318848
0.007779836654663086
0.010069847106933594
0.008113861083984375
0.036887407302856445
0.029412508010864258
0.01937079429626465
0.01845574378967285
0.013911247253417969
0.019130468368530273
0.013789892196655273
0.014269113540649414
0.03566265106201172
0.03668093681335449
0.013149499893188477
0.01360321044921875
0.012944459915161133
0.012952327728271484
0.053217411041259766
0.0382235050201416
0.02633833885192871
0.014416933059692383
0.010769844055175781
0.020060300827026367
0.04743385314941406
0.04808664321899414
0.036675453186035156
0.03522324562072754
0.012219429016113281
0.012191295623779297
0.011826038360595703
0.01117253303527832
0.008020877838134766
0.011769533157348633
0.01421046257019043
0.01072072982788086
0.010664939880371094
0.010095834732055664
0.010036706924438477
0.0103607177734375
0.007902860641479492
0.010283231735229492
0.011548757553100586
0.00992894172668457
0.009797334671020508
0.010391950607299805
0.02874135971069336
0.018904924392700195
0.012892484664916992
0.010997295379638672
0.010222911834716797
0.012220621109008789
0.015046834945678711
0.012316226959228516
0.010347127914428711
0.010325908660888672
0.03469586372375488
0.028156042098999023
0.029059410095214844
0.01094508171081543
0.015378475189208984
0.035573482513427734
0.022580385208129883
0.019310474395751953
0.0187222957611084
0.039630889892578125
0.050408363342285156
0.014729022979736328
0.013870477676391602
0.01526498794555664
0.03335285186767578
0.010737419128417969
0.009979963302612305
0.011255264282226562
0.008990287780761719
0.00805044174194336
0.010846853256225586
0.011574983596801758
0.011286020278930664
0.00997018814086914
0.009406089782714844
0.010715961456298828
0.011310100555419922
0.00929880142211914
0.010088920593261719
0.027680397033691406
0.012468576431274414
0.01250767707824707
0.011960983276367188
0.012781143188476562
0.011532306671142578
0.011987686157226562
0.039521217346191406
0.019669532775878906
0.013518333435058594
0.01159524917602539
0.028546571731567383
0.02332329750061035
0.01306009292602539
0.011557817459106445
0.011139869689941406
0.04938983917236328
0.02444934844970703
0.01604294776916504
0.013922691345214844
0.009888172149658203
0.015007972717285156
0.011434555053710938
0.012037515640258789
0.009561300277709961
0.03891563415527344
0.019024133682250977
0.010837078094482422
0.010650873184204102
0.010034322738647461
0.012628793716430664
0.0422971248626709
0.013202428817749023
0.014447927474975586
0.012054443359375
0.011653661727905273
0.013595819473266602
0.009647846221923828
0.0087738037109375
0.032984018325805664
0.0553586483001709
0.029523611068725586
0.020938396453857422
0.010196685791015625
0.05341053009033203
0.033435821533203125
0.015918731689453125
0.012938261032104492
0.019162654876708984
0.010450363159179688
0.011130094528198242
0.014403820037841797
0.018179655075073242
0.026981115341186523
0.020218372344970703
0.01837301254272461
0.012654781341552734
0.010018110275268555
0.010039806365966797
0.008254528045654297
0.01058650016784668
0.03447699546813965
0.05290722846984863
0.02250075340270996
0.01463174819946289
0.00993037223815918
0.008222579956054688
0.015566587448120117
0.03576469421386719
0.018810749053955078
0.011316299438476562
0.009207725524902344
0.00980067253112793
0.011912822723388672
0.00826263427734375
0.012747764587402344
0.009487390518188477
0.009406566619873047
0.009456872940063477
0.011991024017333984
0.011851072311401367
0.010814428329467773
0.010958671569824219
0.010499954223632812
0.01125025749206543
0.010791540145874023
0.011737346649169922
0.013402223587036133
0.01130223274230957
0.012104272842407227
0.012043952941894531
0.012888431549072266
0.012008190155029297
0.010345697402954102
0.010846853256225586
0.011689424514770508
0.017282724380493164
0.011149883270263672
0.009573698043823242
0.008878707885742188
0.009638071060180664
0.009158611297607422
0.012626409530639648
0.01993083953857422
0.012733697891235352
0.035637855529785156
0.03348374366760254
0.016289234161376953
0.009929418563842773
0.011571884155273438
0.007611989974975586
0.007817506790161133
0.00785207748413086
0.014898061752319336
0.0088653564453125
0.008359909057617188
0.008795499801635742
0.008717775344848633
0.008770227432250977
0.04213595390319824
0.017624616622924805
0.011542797088623047
0.01023244857788086
0.01018667221069336
0.010009765625
0.007318735122680664
0.037127017974853516
0.01597452163696289
0.012195825576782227
0.01009511947631836
0.0103912353515625
0.01023244857788086
0.010113239288330078
0.010185003280639648
0.009639263153076172
0.010018348693847656
0.009572982788085938
0.009790897369384766
0.013812065124511719
0.010339021682739258
0.010104656219482422
0.00931549072265625
0.008449077606201172
0.008120536804199219
0.008096694946289062
0.014485836029052734
0.015100717544555664
0.010725736618041992
0.008774757385253906
0.009024858474731445
0.008504867553710938
0.007548093795776367
0.009604215621948242
0.0077056884765625
0.030451536178588867
0.030020952224731445
0.03452301025390625
0.013391256332397461
0.010781526565551758
0.010875940322875977
0.009403705596923828
0.009426116943359375
0.009748697280883789
0.028032541275024414
0.031441688537597656
0.03925299644470215
0.01694488525390625
0.016500234603881836
0.015186309814453125
0.014174461364746094
0.01566338539123535
0.009808778762817383
0.009310007095336914
0.009778022766113281
0.007412433624267578
0.04699397087097168
0.032563209533691406
0.014494180679321289
0.011657476425170898
0.015387535095214844
0.011054515838623047
0.010081768035888672
0.011409521102905273
0.009881734848022461
0.00773930549621582
0.044077157974243164
0.027640581130981445
0.01512765884399414
0.012142658233642578
0.012390375137329102
0.015510320663452148
0.010845184326171875
0.010789632797241211
0.010710000991821289
0.010724067687988281
0.01096487045288086
0.011931419372558594
0.02909994125366211
0.025779247283935547
0.014861106872558594
0.014341115951538086
0.010317564010620117
0.009769678115844727
0.009042978286743164
0.03427386283874512
0.021289348602294922
0.008433341979980469
0.007736921310424805
0.008602619171142578
0.009182929992675781
0.01002359390258789
0.0116424560546875
0.010114669799804688
0.014837980270385742
0.010660171508789062
0.04856395721435547
0.03499269485473633
0.00802922248840332
0.007712125778198242
0.043024539947509766
0.03009819984436035
0.021515369415283203
0.023192644119262695
0.017180919647216797
0.0166318416595459
0.016729116439819336
0.01536250114440918
0.018279075622558594
0.01378631591796875
0.012488365173339844
0.013612747192382812
0.009713888168334961
0.010173797607421875
0.01993417739868164
0.009447574615478516
0.01008749008178711
0.03715372085571289
0.014190912246704102
0.03754854202270508
0.00955653190612793
0.009953498840332031
0.008934497833251953
0.007984638214111328
0.008913516998291016
0.008117437362670898
0.010442733764648438
0.007840156555175781
0.009737253189086914
0.013942480087280273
0.012942075729370117
0.013342857360839844
0.01591634750366211
0.012613773345947266
0.011800765991210938
0.022031545639038086
0.011603593826293945
0.008906841278076172
0.01213836669921875
0.009224653244018555
0.0173642635345459
0.01766347885131836
0.016367435455322266
0.02126932144165039
0.013187646865844727
0.011032342910766602
0.01163792610168457
0.013682365417480469
0.013683795928955078
0.011190652847290039
0.011089801788330078
0.011693000793457031
0.012923717498779297
0.009786128997802734
0.010310649871826172
0.008957624435424805
0.038933515548706055
0.028040170669555664
0.014135599136352539
0.01195383071899414
0.011842966079711914
0.013169050216674805
0.014174461364746094
0.014532804489135742
0.008680105209350586
0.0071258544921875
0.03394269943237305
0.04273700714111328
0.014942646026611328
0.010761499404907227
0.00962519645690918
0.008687019348144531
0.027655839920043945
0.014345645904541016
0.011964559555053711
0.012181282043457031
0.007859230041503906
0.010335922241210938
0.011879205703735352
0.010900020599365234
0.010276079177856445
0.009132623672485352
0.009612798690795898
0.010877609252929688
0.010540962219238281
0.012888193130493164
0.008224725723266602
0.007631063461303711
0.0073354244232177734
0.007434844970703125
0.008528947830200195
0.009999513626098633
0.013173103332519531
0.010084152221679688
0.010163307189941406
0.009862661361694336
0.010753631591796875
0.0074346065521240234
0.008146524429321289
0.007894039154052734
0.0076656341552734375
0.007986068725585938
0.008980751037597656
0.03114461898803711
0.036347389221191406
0.014131784439086914
0.010299205780029297
0.009361982345581055
0.008909940719604492
0.026377439498901367
0.018656015396118164
0.010542631149291992
0.009043216705322266
0.007903099060058594
0.007677316665649414
0.008431196212768555
0.00770258903503418
0.04327726364135742
0.027731895446777344
0.015911579132080078
0.014260292053222656
0.013712644577026367
0.013953447341918945
0.013294458389282227
0.013735771179199219
0.013980388641357422
0.013828754425048828
0.013724565505981445
0.012978792190551758
0.013734817504882812
0.014766216278076172
0.017990589141845703
0.01366734504699707
0.014969825744628906
0.02700519561767578
0.03865838050842285
0.029319286346435547
0.03616189956665039
0.014755964279174805
0.012228965759277344
0.013624429702758789
0.012532949447631836
0.00907588005065918
0.012533187866210938
0.008898019790649414
0.02972888946533203
0.022928714752197266
0.01391458511352539
0.010415792465209961
0.009659290313720703
0.00943613052368164
0.009389638900756836
0.009322643280029297
0.009274482727050781
0.01206064224243164
0.00929117202758789
0.03026866912841797
0.02715754508972168
0.02097916603088379
0.011231422424316406
0.008913278579711914
0.010136842727661133
0.010526895523071289
0.010212898254394531
0.01078486442565918
0.014072179794311523
0.039885759353637695
0.03589916229248047
0.026953935623168945
0.012634992599487305
0.021405696868896484
0.012373685836791992
0.011979103088378906
0.030079126358032227
0.007911443710327148
0.00812983512878418
0.007941484451293945
0.008348464965820312
0.007744789123535156
0.00817728042602539
0.00783848762512207
0.008124351501464844
0.00868082046508789
0.008247613906860352
0.008234739303588867
0.009874582290649414
0.01591801643371582
0.013656377792358398
0.014334440231323242
0.013975858688354492
0.012703657150268555
0.007258415222167969
0.00939178466796875
0.0074656009674072266
0.00893402099609375
0.009192466735839844
0.009651660919189453
0.009572744369506836
0.010293245315551758
0.013335466384887695
0.01086568832397461
0.010260581970214844
0.010362625122070312
0.008325576782226562
0.012738704681396484
0.012773513793945312
0.00998544692993164
0.010268211364746094
0.010299444198608398
0.01017141342163086
0.01351308822631836
0.02517843246459961
0.013422250747680664
0.012538909912109375
0.017119407653808594
0.020519733428955078
0.02390003204345703
0.015574932098388672
0.014563798904418945
0.015185117721557617
0.016746044158935547
0.009865760803222656
0.011422157287597656
0.010830163955688477
0.012167215347290039
0.012165069580078125
0.013475894927978516
0.009505271911621094
0.035346269607543945
0.023679018020629883
0.016406774520874023
0.010655879974365234
0.010085582733154297
0.010250091552734375
0.010601043701171875
0.010938882827758789
0.010350227355957031
0.010182619094848633
0.010723352432250977
0.010359048843383789
0.010476112365722656
0.010646581649780273
0.010919570922851562
0.025562286376953125
0.007977008819580078
0.008349895477294922
0.00955343246459961
0.007808685302734375
0.030152082443237305
0.0244903564453125
0.01678943634033203
0.01692819595336914
0.020398616790771484
0.016864299774169922
0.01544332504272461
0.01641058921813965
0.01398921012878418
0.018595457077026367
0.013716459274291992
0.014264583587646484
0.014330625534057617
0.013854026794433594
0.018157005310058594
0.013871192932128906
0.013156652450561523
0.014308452606201172
0.014241218566894531
0.016688823699951172
0.01396036148071289
0.01227426528930664
0.012605428695678711
0.012385368347167969
0.012084007263183594
0.012490272521972656
0.013186931610107422
0.012449264526367188
0.012543201446533203
0.04857492446899414
0.01896071434020996
0.018334388732910156
0.018250226974487305
0.013637781143188477
0.011739730834960938
0.011660575866699219
0.011575698852539062
0.011077404022216797
0.010850667953491211
0.015106916427612305
0.011127233505249023
0.007666110992431641
0.0076198577880859375
0.032958269119262695
0.036431312561035156
0.014176130294799805
0.010393619537353516
0.010518789291381836
0.010104179382324219
0.010281562805175781
0.013468027114868164
0.015827417373657227
0.016429662704467773
0.012381792068481445
0.011097192764282227
0.010400056838989258
0.010915994644165039
0.009472370147705078
0.008108854293823242
0.007689952850341797
0.009081125259399414
0.00954127311706543
0.016198158264160156
0.013328790664672852
0.01656508445739746
0.018358945846557617
0.014115095138549805
0.019758939743041992
0.011841297149658203
0.03665900230407715
0.02937150001525879
0.014126062393188477
0.013452529907226562
0.010812044143676758
0.011214256286621094
0.008647918701171875
0.03866434097290039
0.03228926658630371
0.028431177139282227
0.01469564437866211
0.014759302139282227
0.0072290897369384766
0.007588624954223633
0.007877349853515625
0.007625579833984375
0.009090423583984375
0.010144233703613281
0.009658098220825195
0.009320974349975586
0.008332490921020508
0.007597923278808594
0.007135868072509766
0.011327505111694336
0.030201196670532227
0.025263547897338867
0.013564586639404297
0.013464212417602539
0.013602256774902344
0.01390695571899414
0.018245458602905273
0.007353782653808594
0.0076906681060791016
0.007909774780273438
0.03158116340637207
0.03528714179992676
0.014400243759155273
0.011719465255737305
0.011712312698364258
0.009259939193725586
0.02499675750732422
0.009753704071044922
0.009776115417480469
0.00881814956665039
0.008260965347290039
0.008187294006347656
0.011389732360839844
0.008065938949584961
0.0076520442962646484
0.007752656936645508
0.011013269424438477
0.010591745376586914
0.009809494018554688
0.011400699615478516
0.010262012481689453
0.009712934494018555
0.008373498916625977
0.007798194885253906
0.010297298431396484
0.010553359985351562
0.012955188751220703
0.009645462036132812
0.009593963623046875
0.0096282958984375
0.009700775146484375
0.009510278701782227
0.009515523910522461
0.009262561798095703
0.03140902519226074
0.030718564987182617
0.025518178939819336
0.00824594497680664
0.008495807647705078
0.008331298828125
0.011183023452758789
0.01011967658996582
0.009573698043823242
0.01193380355834961
0.009106874465942383
0.011612415313720703
0.010663032531738281
0.009621381759643555
0.051589012145996094
0.024369001388549805
0.013653755187988281
0.01203775405883789
0.011117935180664062
0.011039257049560547
0.010370731353759766
0.010280847549438477
0.010463714599609375
0.01083827018737793
0.03516435623168945
0.024590730667114258
0.012628316879272461
0.030776500701904297
0.015360832214355469
0.015673398971557617
0.011948585510253906
0.011905670166015625
0.012086629867553711
0.009519577026367188
0.00744175910949707
0.010060310363769531
0.007872581481933594
0.007618904113769531
0.01118779182434082
0.0071980953216552734
0.00730133056640625
0.007328033447265625
0.007422685623168945
0.007045745849609375
0.007292509078979492
0.007557392120361328
0.007766246795654297
0.007378101348876953
0.007541656494140625
0.007284402847290039
0.008987188339233398
0.007338285446166992
0.007201433181762695
0.007239818572998047
0.007578372955322266
0.00711512565612793
0.0071392059326171875
0.007315158843994141
0.007050514221191406
0.008885622024536133
0.007283926010131836
0.007163047790527344
0.007594585418701172
0.007848739624023438
0.04163002967834473
0.03623151779174805
0.02033376693725586
0.020954370498657227
0.011986494064331055
0.012484073638916016
0.012357473373413086
0.017003297805786133
0.024918794631958008
0.018342018127441406
0.027527809143066406
0.030834436416625977
0.031184911727905273
0.017297029495239258
0.012449264526367188
0.00963592529296875
0.00846242904663086
0.028338909149169922
0.01620197296142578
0.016180753707885742
0.02236175537109375
0.013481616973876953
0.013542890548706055
0.013536930084228516
0.01356649398803711
0.017523765563964844
0.013909101486206055
0.013370037078857422
0.031502723693847656
0.03089118003845215
0.013671636581420898
0.011828422546386719
0.01197957992553711
0.011932373046875
0.011954307556152344
0.015794038772583008
0.010793447494506836
0.0072557926177978516
0.006967306137084961
0.007482051849365234
0.007529497146606445
0.007525444030761719
0.0075836181640625
0.007454872131347656
0.007433891296386719
0.007033586502075195
0.007475137710571289
0.007509946823120117
0.007375001907348633
0.04108142852783203
0.030298233032226562
0.01721930503845215
0.013663291931152344
0.014233112335205078
0.009524106979370117
0.008975982666015625
0.009110212326049805
0.009150028228759766
0.009049177169799805
0.009143352508544922
0.009118318557739258
0.009462833404541016
0.00882267951965332
0.008931398391723633
0.008485555648803711
0.043272972106933594
0.025053024291992188
0.01632547378540039
0.01597309112548828
0.021312475204467773
0.013458013534545898
0.025651216506958008
0.016391515731811523
0.023762941360473633
0.016352415084838867
0.01640939712524414
0.0162813663482666
0.015475273132324219
0.016098976135253906
0.01588916778564453
0.013436079025268555
0.013728141784667969
0.013299703598022461
0.017276287078857422
0.013452291488647461
0.010102033615112305
0.0073850154876708984
0.007303953170776367
0.006761312484741211
0.0072557926177978516
0.007197141647338867
0.007212400436401367
0.007375478744506836
0.007276296615600586
0.006700992584228516
0.0296173095703125
0.046521663665771484
0.017189741134643555
0.017103910446166992
0.013921499252319336
0.008835077285766602
0.0077631473541259766
0.007476806640625
0.0070781707763671875
0.007447957992553711
0.007162332534790039
0.007338762283325195
0.0068624019622802734
0.007265567779541016
0.007941484451293945
0.00824427604675293
0.009813547134399414
0.012215614318847656
0.012971878051757812
0.013082265853881836
0.016979694366455078
0.013519048690795898
0.012842655181884766
0.012599468231201172
0.01298975944519043
0.013039350509643555
0.01652050018310547
0.013036966323852539
0.012996196746826172
0.012720108032226562
0.009510040283203125
0.010797500610351562
0.014368295669555664
0.011693000793457031
0.011067867279052734
0.009804248809814453
0.009570121765136719
0.01845383644104004
0.0076291561126708984
0.007724761962890625
0.007399797439575195
0.05313730239868164
0.038979530334472656
0.018640995025634766
0.058713674545288086
0.0451817512512207
0.03445315361022949
0.050397634506225586
0.02520751953125
0.015586614608764648
0.02118659019470215
0.013553142547607422
0.014976263046264648
0.013291597366333008
0.013437032699584961
0.012629032135009766
0.015198469161987305
0.008750200271606445
0.011164188385009766
0.011178016662597656
0.01048135757446289
0.016148805618286133
0.009391307830810547
0.010169744491577148
0.01312255859375
0.009690999984741211
0.018836021423339844
0.01234292984008789
0.007626533508300781
0.008624076843261719
0.010962724685668945
0.009999990463256836
0.009378910064697266
0.008353471755981445
0.011169672012329102
0.03944993019104004
0.02186131477355957
0.009181737899780273
0.007588863372802734
0.009160995483398438
0.010451555252075195
0.010243415832519531
0.011092185974121094
0.03520083427429199
0.024377822875976562
0.012735366821289062
0.010802745819091797
0.007671833038330078
0.006886720657348633
0.00874948501586914
0.040091514587402344
0.0314483642578125
0.03307318687438965
0.04398202896118164
0.03278923034667969
0.023267745971679688
0.027628660202026367
0.01353001594543457
0.009909391403198242
0.009011030197143555
0.009929180145263672
0.007340192794799805
0.007272958755493164
0.007302761077880859
0.009216547012329102
0.02746129035949707
0.03013300895690918
0.020574331283569336
0.011052370071411133
0.00922703742980957
0.0098876953125
0.00971841812133789
0.00966501235961914
0.045174360275268555
0.0193173885345459
0.012624502182006836
0.011200189590454102
0.009521961212158203
0.007428884506225586
0.01328420639038086
0.009672403335571289
0.009470224380493164
0.00740504264831543
0.007317781448364258
0.007372856140136719
0.008604049682617188
0.009296178817749023
0.011383533477783203
0.008596420288085938
0.008745431900024414
0.008810281753540039
0.009303569793701172
0.008647680282592773
0.00978231430053711
0.011429548263549805
0.00858926773071289
0.007068157196044922
0.008057355880737305
0.009361028671264648
0.011425256729125977
0.012541770935058594
0.015931129455566406
0.012596607208251953
0.011744499206542969
0.011988401412963867
0.012166738510131836
0.011476278305053711
0.01115560531616211
0.03838682174682617
0.02310037612915039
0.016718149185180664
0.01100921630859375
0.0277407169342041
0.019151926040649414
0.01573348045349121
0.01307368278503418
0.013471126556396484
0.012304544448852539
0.011965036392211914
0.012265205383300781
0.01698136329650879
0.01077413558959961
0.010672330856323242
0.010138273239135742
0.029244184494018555
0.04310917854309082
0.03022146224975586
0.031569719314575195
0.023674726486206055
0.014960289001464844
0.013450384140014648
0.013261795043945312
0.014781951904296875
0.019188404083251953
0.013828039169311523
0.011610269546508789
0.011803627014160156
0.011672019958496094
0.011464357376098633
0.01577591896057129
0.01148366928100586
0.008556365966796875
0.031259775161743164
0.02108931541442871
0.012491703033447266
0.011524200439453125
0.012620925903320312
0.011623859405517578
0.011703252792358398
0.017873048782348633
0.01166081428527832
0.01150655746459961
0.011818408966064453
0.01278233528137207
0.011614084243774414
0.012392997741699219
0.011925458908081055
0.011585712432861328
0.011036157608032227
0.011941909790039062
0.016284465789794922
0.011526823043823242
0.012758016586303711
0.012107133865356445
0.012451410293579102
0.011987924575805664
0.01615118980407715
0.011775493621826172
0.037601470947265625
0.0374903678894043
0.01676487922668457
0.024492979049682617
0.014028787612915039
0.015709400177001953
0.008436203002929688
0.03762650489807129
0.01732325553894043
0.012635231018066406
0.010651111602783203
0.009476900100708008
0.031295061111450195
0.027683734893798828
0.013907194137573242
0.014589071273803711
0.007756471633911133
0.006968259811401367
0.006670475006103516
0.0069713592529296875
0.008068084716796875
0.007359027862548828
0.009707450866699219
0.008573055267333984
0.007888078689575195
0.009031295776367188
0.009076118469238281
0.01126408576965332
0.009011268615722656
0.032210350036621094
0.027724266052246094
0.02097177505493164
0.011514902114868164
0.011768579483032227
0.012341976165771484
0.011677742004394531
0.011397123336791992
0.011238813400268555
0.011691808700561523
0.01654338836669922
0.01253366470336914
0.018041133880615234
0.01926255226135254
0.013996601104736328
0.014867782592773438
0.013816356658935547
0.015333175659179688
0.011562347412109375
0.016385793685913086
0.010432004928588867
0.009912967681884766
0.038675785064697266
0.04074811935424805
0.015114545822143555
0.011178970336914062
0.011092662811279297
0.01103520393371582
0.011515378952026367
0.014785289764404297
0.011360406875610352
0.011152505874633789
0.01155853271484375
0.011036396026611328
0.010838031768798828
0.010809659957885742
0.010700702667236328
0.010565519332885742
0.010536432266235352
0.008620738983154297
0.0072634220123291016
0.009574651718139648
0.007376432418823242
0.0075778961181640625
0.0277099609375
0.02862262725830078
0.019382238388061523
0.015172243118286133
0.012399911880493164
0.011328697204589844
0.011421442031860352
0.011778831481933594
0.011462688446044922
0.011346817016601562
0.011231660842895508
0.030449628829956055
0.022234201431274414
0.00940084457397461
0.010954141616821289
0.00998544692993164
0.0091400146484375
0.00919032096862793
0.008082151412963867
0.007575511932373047
0.008846521377563477
0.007345676422119141
0.007333517074584961
0.007809877395629883
0.007965087890625
0.0074727535247802734
0.03163790702819824
0.030766725540161133
0.02921319007873535
0.014441490173339844
0.013746261596679688
0.01481771469116211
0.018228769302368164
0.008645057678222656
0.009080886840820312
0.008464813232421875
0.008525371551513672
0.008709192276000977
0.008297204971313477
0.00882411003112793
0.011646270751953125
0.008613824844360352
0.008499383926391602
0.008084297180175781
0.008208751678466797
0.008262157440185547
0.0089111328125
0.011819601058959961
0.008112192153930664
0.007910966873168945
0.00853729248046875
0.008718490600585938
0.010210752487182617
0.00967097282409668
0.011477947235107422
0.007480144500732422
0.008515119552612305
0.008277177810668945
0.008239030838012695
0.008555412292480469
0.008784055709838867
0.010434389114379883
0.007811784744262695
0.007591724395751953
0.007930994033813477
0.0077550411224365234
0.008472919464111328
0.00832509994506836
0.008002996444702148
0.00983285903930664
0.007676362991333008
0.007779836654663086
0.0291440486907959
0.04117465019226074
0.01667046546936035
0.012069940567016602
0.009604930877685547
0.009574174880981445
0.008571624755859375
0.008442878723144531
0.0078125
0.00814366340637207
0.007777690887451172
0.007746696472167969
0.008445024490356445
0.008050680160522461
0.008269071578979492
0.007501840591430664
0.0076677799224853516
0.0321202278137207
0.030773162841796875
0.008794069290161133
0.008730411529541016
0.008780717849731445
0.007573127746582031
0.008423805236816406
0.009602546691894531
0.008149862289428711
0.012613296508789062
0.007929801940917969
0.009672403335571289
0.010191679000854492
0.00781559944152832
0.008019685745239258
0.009958267211914062
0.010488033294677734
0.012642145156860352
0.009780645370483398
0.009720087051391602
0.010532617568969727
0.011054515838623047
0.049933671951293945
0.032346487045288086
0.030575037002563477
0.024777889251708984
0.014631986618041992
0.014243602752685547
0.01686716079711914
0.008182764053344727
0.008736371994018555
0.035465240478515625
0.03206491470336914
0.037670135498046875
0.014725208282470703
0.012391328811645508
0.012397289276123047
0.01238107681274414
0.012629270553588867
0.01249074935913086
0.012532949447631836
0.012320280075073242
0.01359105110168457
0.046686410903930664
0.019904375076293945
0.020296573638916016
0.019745826721191406
0.04747819900512695
0.01619100570678711
0.025224685668945312
0.01981830596923828
0.016645431518554688
0.01300358772277832
0.011381149291992188
0.010667800903320312
0.011944293975830078
0.007754802703857422
0.00984644889831543
0.008044004440307617
0.008650541305541992
0.007985591888427734
0.007756233215332031
0.007833480834960938
0.008076190948486328
0.008414268493652344
0.009859800338745117
0.010078668594360352
0.009368181228637695
0.009033679962158203
0.007529735565185547
0.008048534393310547
0.008206605911254883
0.008336782455444336
0.008090972900390625
0.0384824275970459
0.03372812271118164
0.014827966690063477
0.02350759506225586
0.014008045196533203
0.007734537124633789
0.008385896682739258
0.011514663696289062
0.032972097396850586
0.01849675178527832
0.012108325958251953
0.010871410369873047
0.012790679931640625
0.00969386100769043
0.03541374206542969
0.022055387496948242
0.019466400146484375
0.019251108169555664
0.013647794723510742
0.011976003646850586
0.01177978515625
0.015480995178222656
0.011243343353271484
0.03903388977050781
0.026623249053955078
0.013372182846069336
0.010097265243530273
0.008794546127319336
0.031520843505859375
0.021275043487548828
0.032213449478149414
0.010686635971069336
0.010585308074951172
0.01019906997680664
0.014834165573120117
0.010997295379638672
0.015306949615478516
0.016199588775634766
0.01706838607788086
0.018106937408447266
0.009845972061157227
0.008908271789550781
0.00744175910949707
0.03047966957092285
0.012933492660522461
0.033002376556396484
0.009631156921386719
0.010296106338500977
0.009525299072265625
0.007895469665527344
0.00876164436340332
0.00883030891418457
0.009763479232788086
0.008919715881347656
0.008545398712158203
0.008636951446533203
0.008436203002929688
0.007769107818603516
0.008929014205932617
0.007501363754272461
0.007411956787109375
0.009475946426391602
0.008324384689331055
0.008206367492675781
0.007639408111572266
0.0074918270111083984
0.008216381072998047
0.00790095329284668
0.007917404174804688
0.00816202163696289
0.007840871810913086
0.023503541946411133
0.04130244255065918
0.017591476440429688
0.01422572135925293
0.014368057250976562
0.014429092407226562
0.011630058288574219
0.007096529006958008
0.006797075271606445
0.007539272308349609
0.007027149200439453
0.006924629211425781
0.00769352912902832
0.018523454666137695
0.012195825576782227
0.01241445541381836
0.009840726852416992
0.011023521423339844
0.010174274444580078
0.008993864059448242
0.007957935333251953
0.008105039596557617
0.007673025131225586
0.0076029300689697266
0.007528781890869141
0.008642435073852539
0.007615804672241211
0.0075130462646484375
0.007272243499755859
0.007452487945556641
0.007133007049560547
0.007178544998168945
0.007114887237548828
0.007940530776977539
0.009348154067993164
0.015045881271362305
0.010217905044555664
0.01015615463256836
0.010490655899047852
0.01052546501159668
0.010537147521972656
0.016256093978881836
0.013872623443603516
0.014270305633544922
0.014312982559204102
0.014178276062011719
0.01879596710205078
0.014185905456542969
0.01449275016784668
0.01433873176574707
0.014921426773071289
0.014861106872558594
0.01443934440612793
0.012315750122070312
0.011954069137573242
0.012228012084960938
0.012102365493774414
0.01581096649169922
0.012262344360351562
0.012276887893676758
0.012319564819335938
0.012073516845703125
0.012274742126464844
0.012186765670776367
0.032323360443115234
0.0226898193359375
0.012996673583984375
0.01003885269165039
0.008974790573120117
0.008579730987548828
0.008558988571166992
0.008653879165649414
0.008002519607543945
0.011471986770629883
0.008565425872802734
0.0072748661041259766
0.0073511600494384766
0.009445428848266602
0.009707927703857422
0.009144067764282227
0.01068425178527832
0.009217500686645508
0.009219169616699219
0.010086774826049805
0.007559776306152344
0.007721424102783203
0.008126258850097656
0.007677555084228516
0.008310317993164062
0.0078051090240478516
0.007935285568237305
0.007638454437255859
0.007128477096557617
0.009440422058105469
0.007215738296508789
0.00739598274230957
0.0072591304779052734
0.03136944770812988
0.042052268981933594
0.025727033615112305
0.01684427261352539
0.012856245040893555
0.012168645858764648
0.008234500885009766
0.00824594497680664
0.008512735366821289
0.008748054504394531
0.009275197982788086
0.008122444152832031
0.007783412933349609
0.008277416229248047
0.008624792098999023
0.008351325988769531
0.008258342742919922
0.02845931053161621
0.034822702407836914
0.017622947692871094
0.016701698303222656
0.013975858688354492
0.01396942138671875
0.01845407485961914
0.0142974853515625
0.014155864715576172
0.014237642288208008
0.013946771621704102
0.014353513717651367
0.01584339141845703
0.008225440979003906
0.007482767105102539
0.007860898971557617
0.01698017120361328
0.0075953006744384766
0.007674694061279297
0.04254555702209473
0.03234601020812988
0.022803306579589844
0.024622440338134766
0.009078025817871094
0.0076220035552978516
0.00744938850402832
0.007653236389160156
0.00766444206237793
0.02576303482055664
0.0334925651550293
0.007899761199951172
0.030642271041870117
0.016074419021606445
0.011715888977050781
0.014161348342895508
0.011193037033081055
0.00883936882019043
0.00978231430053711
0.009855985641479492
0.009902715682983398
0.010389566421508789
0.009464740753173828
0.008769035339355469
0.007683753967285156
0.0076274871826171875
0.007616996765136719
0.007934093475341797
0.007938385009765625
0.011861324310302734
0.010411739349365234
0.009085893630981445
0.008776664733886719
0.008744239807128906
0.008034944534301758
0.04843878746032715
0.02354907989501953
0.014681100845336914
0.024233102798461914
0.009810924530029297
0.008946418762207031
0.007248640060424805
0.007118701934814453
0.007327079772949219
0.02296924591064453
0.010335922241210938
0.006995439529418945
0.006872415542602539
0.007506370544433594
0.007567167282104492
0.02089524269104004
0.0457761287689209
0.015203714370727539
0.01247715950012207
0.011100053787231445
0.01134490966796875
0.010753631591796875
0.04018855094909668
0.018764019012451172
0.014159917831420898
0.014908313751220703
0.014613151550292969
0.02095794677734375
0.014324665069580078
0.011772871017456055
0.009804010391235352
0.007139444351196289
0.007392168045043945
0.046727895736694336
0.02150869369506836
0.013186931610107422
0.01049184799194336
0.010465383529663086
0.010574102401733398
0.029844999313354492
0.016696453094482422
0.012243509292602539
0.012045621871948242
0.01166081428527832
0.012962818145751953
0.012323856353759766
0.01218414306640625
0.01226949691772461
0.011790275573730469
0.012149572372436523
0.012757062911987305
0.01193547248840332
0.012059688568115234
0.011789798736572266
0.012041807174682617
0.011974811553955078
0.011978864669799805
0.01071023941040039
0.00714564323425293
0.009180545806884766
0.0072116851806640625
0.0071947574615478516
0.007189750671386719
0.007459402084350586
0.008742332458496094
0.010260581970214844
